sample	timestamp	elapsed_ms	cpu_count	cpu_busy_pct	cpu_nonidle_pct	cpu_user_pct	cpu_system_pct	cpu_iowait_pct	cpu_steal_pct	cpu_idle_pct	load1	load5	load15	procs_running	procs_blocked	context_switches_per_sec	interrupts_per_sec	mem_total_bytes	mem_used_bytes	mem_available_bytes	mem_free_bytes	buffers_bytes	cached_bytes	swap_total_bytes	swap_used_bytes	swap_in_bytes_per_sec	swap_out_bytes_per_sec	disk_read_bytes_per_sec	disk_write_bytes_per_sec	disk_io_in_progress	disk_io_time_millis_per_sec	net_rx_bytes_per_sec	net_tx_bytes_per_sec	net_rx_packets_per_sec	net_tx_packets_per_sec	net_rx_errors_per_sec	net_tx_errors_per_sec	net_rx_drops_per_sec	net_tx_drops_per_sec	cpu_pressure_some_avg10	memory_pressure_some_avg10	memory_pressure_full_avg10	io_pressure_some_avg10	io_pressure_full_avg10
0	2026-09-24T23:23:29.586815331Z	0	2	0.000000	0.000000	0.000000	0.000000	0.000000	0.000000	0.000000	0.810000	0.750000	0.450000	6	0	0.000000	0.000000	3879243776	2845138944	1034104832	294629376	62935040	866000896	0	0	0.000000	0.000000	0.000000	0.000000	0	0.000000	0.000000	0.000000	0.000000	0.000000	0.000000	0.000000	0.000000	0.000000	0.010000	0.000000	0.000000	1.620000	1.600000
1	2026-09-24T23:23:30.601236791Z	1014	2	11.282051	13.333333	6.153846	5.128205	2.051282	0.000000	86.666667	0.740000	0.730000	0.450000	1	0	4422.224727	3819.911016	3879243776	2837839872	1041403904	287203328	62935040	880566272	0	0	0.000000	0.000000	5354081.914917	0.000000	0	86.748947	3769851.944468	104471.362485	2913.975990	892.134057	0.000000	0.000000	0.000000	0.000000	0.550000	0.000000	0.000000	1.690000	1.490000
2	2026-09-24T23:23:31.601669612Z	2014	2	2.475248	2.475248	1.485149	0.990099	0.000000	0.000000	97.524752	0.740000	0.730000	0.450000	2	0	2555.893962	1511.345980	3879243776	2837835776	1041408000	287203328	62935040	880570368	0	0	0.000000	0.000000	0.000000	0.000000	0	0.000000	58279.780008	58279.780008	62.972749	62.972749	0.000000	0.000000	0.000000	0.000000	0.550000	0.000000	0.000000	1.690000	1.490000
3	2026-09-24T23:23:32.60126893Z	3014	2	2.512563	3.015075	1.507538	1.005025	0.502513	0.000000	96.984925	0.740000	0.730000	0.450000	1	0	2900.162043	1676.671812	3879243776	2839871488	1039372288	285138944	62935040	880603136	0	0	0.000000	0.000000	32781.134811	0.000000	0	12.004810	61681.714753	60995.439775	97.038882	92.036878	0.000000	0.000000	0.000000	0.000000	0.450000	0.000000	0.000000	1.380000	1.220000
4	2026-09-24T23:23:33.601575585Z	4014	2	2.000000	2.000000	1.500000	0.500000	0.000000	0.000000	98.000000	0.740000	0.730000	0.450000	1	0	2765.152044	1627.500914	3879243776	2840899584	1038344192	284106752	62935040	880615424	0	0	0.000000	0.000000	0.000000	208831.960009	0	3.998774	58367.101261	58381.096970	64.980073	64.980073	0.000000	0.000000	0.000000	0.000000	0.450000	0.000000	0.000000	1.380000	1.220000
5	2026-09-24T23:23:34.60127682Z	5014	2	2.970297	4.455446	1.980198	0.990099	1.485149	0.000000	95.544554	0.740000	0.730000	0.450000	1	0	2888.863100	1746.521805	3879243776	2841145344	1038098432	283848704	62935040	880615424	0	0	0.000000	0.000000	0.000000	20215703.805395	0	40.011954	58322.424874	58322.424874	63.018828	63.018828	0.000000	0.000000	0.000000	0.000000	0.370000	0.000000	0.000000	1.310000	1.180000
6	2026-09-24T23:23:35.60183094Z	6015	2	2.487562	2.487562	1.990050	0.497512	0.000000	0.000000	97.512438	0.680000	0.720000	0.450000	1	0	2864.412800	1672.073487	3879243776	2841399296	1037844480	283590656	62935040	880619520	0	0	0.000000	0.000000	0.000000	0.000000	0	0.000000	58272.710508	58272.710508	62.965110	62.965110	0.000000	0.000000	0.000000	0.000000	0.370000	0.000000	0.000000	1.310000	1.180000
7	2026-09-24T23:23:36.601616983Z	7014	2	1.990050	1.990050	1.492537	0.497512	0.000000	0.000000	98.009950	0.680000	0.720000	0.450000	1	0	2629.562587	1561.334043	3879243776	2841399296	1037844480	283590656	62935040	880619520	0	0	0.000000	0.000000	0.000000	0.000000	0	0.000000	58317.476849	58317.476849	63.013482	63.013482	0.000000	0.000000	0.000000	0.000000	0.300000	0.000000	0.000000	1.070000	0.960000
8	2026-09-24T23:23:37.601866539Z	8015	2	24.623116	46.231156	21.105528	3.517588	21.608040	0.000000	53.768844	0.680000	0.720000	0.450000	2	0	15520.126859	7588.106343	3879243776	2842386432	1036857344	280780800	63127552	882253824	0	0	0.000000	0.000000	2903339.454219	9741952.837218	0	551.862279	74590.385522	74496.408974	166.958335	165.958584	0.000000	0.000000	0.000000	0.000000	0.300000	0.000000	0.000000	1.070000	0.960000
9	2026-09-24T23:23:38.601558708Z	9014	2	18.556701	55.670103	14.948454	3.608247	37.113402	0.000000	44.329897	0.680000	0.720000	0.450000	2	0	11806.634259	6144.891490	3879243776	2898550784	980692992	206245888	63393792	900472832	0	0	0.000000	0.000000	15864595.360421	31249811.160622	0	860.264802	1335310.028456	1335310.028456	343.105613	343.105613	0.000000	0.000000	0.000000	0.000000	0.610000	0.000000	0.000000	5.950000	5.500000
10	2026-09-24T23:23:39.60127958Z	10014	2	51.020408	60.714286	46.428571	4.591837	9.693878	0.000000	39.285714	0.680000	0.720000	0.450000	4	0	11458.198464	3659.021387	3879243776	2921459712	957784064	167051264	63475712	916574208	0	0	0.000000	0.000000	12291.431055	37554419.015633	0	260.072597	5246143.418966	5246143.418966	569.158876	569.158876	0.000000	0.000000	0.000000	0.000000	0.610000	0.000000	0.000000	5.950000	5.500000
11	2026-09-24T23:23:40.601279224Z	11014	2	50.746269	60.696517	47.761194	2.985075	9.950249	0.000000	39.303483	0.710000	0.730000	0.450000	3	0	11080.003967	3845.001377	3879243776	2910683136	968560640	161890304	63553536	932470784	0	0	0.000000	0.000000	12288.004399	32739339.720684	0	240.000086	4210625.507404	4210625.507404	484.000173	484.000173	0.000000	0.000000	0.000000	0.000000	1.040000	0.000000	0.000000	7.230000	6.490000
12	2026-09-24T23:23:41.601592333Z	12014	2	49.494949	65.151515	45.959596	3.535354	15.656566	0.000000	34.848485	0.710000	0.730000	0.450000	5	0	11359.443131	3649.857157	3879243776	2909425664	969818112	151052288	63672320	944590848	0	0	0.000000	0.000000	8189.435724	41532723.273689	0	403.873539	3169924.433261	3169924.433261	370.883869	370.883869	0.000000	0.000000	0.000000	0.000000	1.040000	0.000000	0.000000	7.230000	6.490000
13	2026-09-24T23:23:42.601329434Z	13014	2	52.284264	61.928934	48.730964	3.553299	9.644670	0.000000	38.071066	0.710000	0.730000	0.450000	5	0	11562.039764	2982.784201	3879243776	2915991552	963252224	114925568	63737856	973905920	0	0	0.000000	0.000000	14819128.082145	33018344.820018	0	224.058907	4209764.785050	4209778.788732	478.125704	478.125704	0.000000	0.000000	0.000000	0.000000	1.210000	0.000000	0.000000	8.450000	7.310000
14	2026-09-24T23:23:43.601548541Z	14014	2	52.791878	62.944162	50.761421	2.030457	10.152284	0.000000	37.055838	0.710000	0.730000	0.450000	4	0	10135.779180	2988.345233	3879243776	2911875072	967368704	106668032	63782912	986337280	0	0	0.000000	0.000000	12285.308203	44607954.085004	0	283.937787	4207467.114503	4207467.114503	474.895947	474.895947	0.000000	0.000000	0.000000	0.000000	1.210000	0.000000	0.000000	8.450000	7.310000
15	2026-09-24T23:23:44.601278322Z	15014	2	50.505051	62.626263	46.969697	3.535354	12.121212	0.000000	37.373737	0.710000	0.730000	0.450000	3	0	8853.391779	3544.957684	3879243776	2893737984	985505792	113389568	63873024	997572608	0	0	0.000000	0.000000	16388.427399	38967583.248485	0	300.081068	4209232.140900	4209232.140900	468.126466	468.126466	0.000000	0.000000	0.000000	0.000000	1.350000	0.000000	0.000000	8.730000	7.430000
16	2026-09-24T23:23:45.602174604Z	16015	2	49.504950	63.366337	46.039604	3.465347	13.861386	0.000000	36.633663	0.730000	0.730000	0.460000	3	1	9449.531198	3662.717421	3879243776	2898780160	980463616	116830208	63533056	989405184	0	0	0.000000	0.000000	8184.664789	41786806.079376	0	347.688397	5240283.584488	5240283.584488	557.500360	557.500360	0.000000	0.000000	0.000000	0.000000	1.350000	0.000000	0.000000	8.730000	7.430000
17	2026-09-24T23:23:46.601468704Z	17014	2	47.448980	63.265306	43.877551	3.061224	15.816327	0.510204	36.734694	0.730000	0.730000	0.460000	4	0	9655.816002	3858.723858	3879243776	2894331904	984911872	124055552	63029248	987152384	0	0	0.000000	0.000000	11837604.117396	41050417.325388	0	364.257128	4211261.712798	4211261.712798	471.332712	471.332712	0.000000	0.000000	0.000000	0.000000	1.650000	0.000000	0.000000	10.410000	8.800000
18	2026-09-24T23:23:47.601275706Z	18014	2	47.474747	64.141414	44.949495	2.525253	16.666667	0.000000	35.858586	0.730000	0.730000	0.460000	3	0	12312.375439	3817.736560	3879243776	2901008384	978235392	111566848	63098880	992890880	0	0	0.000000	0.000000	0.000000	46908250.055591	0	348.067153	4208258.903599	4208258.903599	456.087994	456.087994	0.000000	0.000000	0.000000	0.000000	1.650000	0.000000	0.000000	10.410000	8.800000
19	2026-09-24T23:23:48.601285531Z	19014	2	47.959184	64.285714	44.387755	3.571429	16.326531	0.000000	35.714286	0.730000	0.730000	0.460000	4	1	9458.907719	3841.962518	3879243776	2897993728	981250048	121569280	62967808	986157056	0	0	0.000000	0.000000	0.000000	52911611.794315	1	371.996371	4207170.954840	4207170.954840	449.995610	449.995610	0.000000	0.000000	0.000000	0.000000	1.890000	0.000000	0.000000	11.790000	9.740000
20	2026-09-24T23:23:49.601279023Z	20014	2	48.500000	64.000000	46.500000	2.000000	15.500000	0.000000	36.000000	0.730000	0.730000	0.460000	6	2	10427.067067	3957.025452	3879243776	2904489984	974753792	110788608	63041536	990257152	0	0	0.000000	0.000000	0.000000	49344829.385943	2	380.002444	4171177.829016	4171177.829016	461.002965	461.002965	0.000000	0.000000	0.000000	0.000000	1.890000	0.000000	0.000000	11.790000	9.740000
21	2026-09-24T23:23:50.601529164Z	21014	2	34.000000	64.000000	31.500000	2.500000	30.000000	0.000000	36.000000	0.830000	0.750000	0.460000	1	2	10188.452204	4849.787228	3879243776	2901409792	977833984	106917888	63262720	997265408	0	0	0.000000	0.000000	2882863.091075	65802169.048992	6	779.804997	2449897.361516	2449897.361516	309.922499	309.922499	0.000000	0.000000	0.000000	0.000000	2.090000	0.000000	0.000000	14.540000	11.960000
22	2026-09-24T23:23:51.602229819Z	22015	2	46.376812	66.666667	42.028986	4.347826	20.289855	0.000000	33.333333	0.830000	0.750000	0.460000	5	0	10761.460091	4650.741504	3879243776	2906157056	973086720	105226240	63107072	994136064	0	0	0.000000	0.000000	9582022.451789	55277750.197102	0	595.582711	4197272.223190	4197272.223190	442.689834	442.689834	0.000000	0.000000	0.000000	0.000000	2.090000	0.000000	0.000000	14.540000	11.960000
23	2026-09-24T23:23:52.601269636Z	23014	2	50.253807	65.482234	46.700508	3.553299	15.228426	0.000000	34.517766	0.830000	0.750000	0.460000	2	1	10365.953067	4142.977959	3879243776	2900791296	978452480	107114496	63102976	997736448	0	0	0.000000	0.000000	0.000000	48744146.618515	1	384.369059	4943875.956433	4943889.969888	520.499768	520.499768	0.000000	0.000000	0.000000	0.000000	2.260000	0.000000	0.000000	15.710000	12.880000
24	2026-09-24T23:23:53.601277459Z	24014	2	38.071066	64.467005	34.517766	3.553299	26.395939	0.000000	35.532995	0.830000	0.750000	0.460000	2	0	10118.920819	4602.963982	3879243776	2897993728	981250048	123404288	62795776	984457216	0	0	0.000000	0.000000	0.000000	63704589.511587	0	703.994491	3963358.986716	3963358.986716	448.996487	448.996487	0.000000	0.000000	0.000000	0.000000	2.260000	0.000000	0.000000	15.710000	12.880000
25	2026-09-24T23:23:54.601725848Z	25014	2	53.233831	67.164179	49.253731	3.980100	13.930348	0.000000	32.835821	0.830000	0.750000	0.460000	5	2	10686.207727	3408.471457	3879243776	2892644352	986599424	119046144	62902272	994152448	0	0	0.000000	0.000000	3377685.263533	56139176.161893	2	395.822492	5242206.111700	5242206.111700	543.756150	543.756150	0.000000	0.000000	0.000000	0.000000	2.390000	0.000000	0.000000	17.210000	14.170000
26	2026-09-24T23:23:55.601311575Z	26014	2	50.490196	67.156863	46.078431	4.411765	16.666667	0.000000	32.843137	0.930000	0.770000	0.470000	5	2	11295.680275	4449.843757	3879243776	2893557760	985686016	111620096	62984192	1000624128	0	0	0.000000	0.000000	8195.395697	52208768.285469	2	472.195650	4208756.864737	4208756.864737	443.183630	443.183630	0.000000	0.000000	0.000000	0.000000	2.390000	0.000000	0.000000	17.210000	14.170000
27	2026-09-24T23:23:56.60128071Z	27014	2	47.290640	68.472906	43.349754	3.940887	21.182266	0.000000	31.527094	0.930000	0.770000	0.470000	7	2	9582.295719	4510.139187	3879243776	2893787136	985456640	104914944	63107072	1006850048	0	0	0.000000	0.000000	90114.781032	60888919.092932	1	472.014567	4608754.230764	4608754.230764	551.017005	551.017005	0.000000	0.000000	0.000000	0.000000	2.320000	0.000000	0.000000	18.440000	15.040000
28	2026-09-24T23:23:57.60128766Z	28014	2	53.233831	70.149254	47.263682	5.970149	16.915423	0.000000	29.850746	0.930000	0.770000	0.470000	3	2	11254.921745	4025.972007	3879243776	2871050240	1008193536	126435328	62693376	1008586752	0	0	0.000000	0.000000	9711548.475603	53116558.680567	1	515.996412	74209.484021	74100.484779	134.999061	134.999061	0.000000	0.000000	0.000000	0.000000	2.320000	0.000000	0.000000	18.440000	15.040000
29	2026-09-24T23:23:58.601275308Z	29014	2	55.555556	72.222222	53.535354	2.020202	16.666667	0.000000	27.777778	0.930000	0.770000	0.470000	3	0	13712.168495	3432.042173	3879243776	2870755328	1008488448	123854848	62840832	1011257344	0	0	0.000000	0.000000	4096.050332	40804853.410039	4	520.006390	58381.717395	58395.717567	64.000786	64.000786	0.000000	0.000000	0.000000	0.000000	2.440000	0.000000	0.000000	18.720000	15.210000
30	2026-09-24T23:23:59.601793185Z	30014	2	55.050505	64.141414	53.030303	2.020202	9.090909	0.000000	35.858586	0.930000	0.770000	0.470000	4	0	9835.906908	3152.367685	3879243776	2870992896	1008250880	122564608	62873600	1012232192	0	0	0.000000	0.000000	0.000000	25635877.588769	0	279.855089	58274.824946	58274.824946	62.967395	62.967395	0.000000	0.000000	0.000000	0.000000	2.440000	0.000000	0.000000	18.720000	15.210000
31	2026-09-24T23:24:00.601277113Z	31014	2	89.500000	89.500000	84.500000	5.000000	0.000000	0.000000	10.500000	1.010000	0.790000	0.480000	8	2	16832.686878	6762.489932	3879243776	2894864384	984379392	118648832	62500864	992649216	0	0	0.000000	0.000000	118845.332749	42263859.194342	2	276.142509	15029649.381215	15029649.381215	1382.713580	1382.713580	0.000000	0.000000	0.000000	0.000000	3.270000	0.000000	0.000000	17.320000	13.540000
32	2026-09-24T23:24:01.60128572Z	32014	2	96.534653	97.524752	92.079208	4.455446	0.990099	0.000000	2.475248	1.010000	0.790000	0.480000	7	2	12875.889177	5259.954728	3879243776	2896613376	982630400	116756480	62590976	992600064	0	0	0.000000	0.000000	0.000000	47459943.512266	2	347.997005	21248386.115141	21248386.115141	1748.984946	1748.984946	0.000000	0.000000	0.000000	0.000000	3.270000	0.000000	0.000000	17.320000	13.540000
33	2026-09-24T23:24:02.601279849Z	33014	2	97.029703	97.029703	91.584158	4.950495	0.000000	0.495050	2.970297	1.010000	0.790000	0.480000	5	0	21162.124243	9066.053227	3879243776	2898030592	981213184	115351552	62640128	992645120	0	0	0.000000	0.000000	0.000000	20811898.186654	0	292.001714	18062899.047280	18062899.047280	1609.009446	1609.009446	0.000000	0.000000	0.000000	0.000000	6.660000	0.000000	0.000000	17.260000	11.090000
34	2026-09-24T23:24:03.601291268Z	34014	2	96.517413	97.014925	92.039801	4.477612	0.497512	0.000000	2.985075	1.010000	0.790000	0.480000	5	0	16591.810538	7255.917145	3879243776	2898509824	980733952	114835456	62676992	992641024	0	0	0.000000	0.000000	0.000000	83254345.318631	0	267.996940	21228614.590450	21228614.590450	1684.980759	1684.980759	0.000000	0.000000	0.000000	0.000000	6.660000	0.000000	0.000000	17.260000	11.090000
35	2026-09-24T23:24:04.601285715Z	35014	2	94.387755	94.897959	89.795918	4.591837	0.510204	0.000000	5.102041	1.010000	0.790000	0.480000	4	0	21833.121261	9379.052091	3879243776	2932645888	946597888	125034496	61747200	949309440	0	0	0.000000	0.000000	0.000000	7442473.335497	0	176.000978	21508592.458723	21508592.458723	2021.011225	2021.011225	0.000000	0.000000	0.000000	0.000000	9.260000	0.000000	0.000000	15.580000	9.080000
36	2026-09-24T23:24:05.601279467Z	36014	2	94.974874	95.477387	91.959799	3.015075	0.502513	0.000000	4.522613	1.250000	0.850000	0.500000	6	0	9060.056589	5021.031361	3879243776	2974453760	904790016	106795008	61317120	926179328	0	0	0.000000	0.000000	274433.714113	7209005.027445	0	184.001149	12261984.588356	12261984.588356	1070.006683	1070.006683	0.000000	0.000000	0.000000	0.000000	9.260000	0.000000	0.000000	15.580000	9.080000
37	2026-09-24T23:24:06.601280887Z	37014	2	89.500000	92.000000	84.000000	5.500000	2.500000	0.000000	8.000000	1.250000	0.850000	0.500000	3	0	6775.990304	3379.995163	3879243776	3042394112	836849664	175226880	61353984	790126592	0	0	0.000000	0.000000	36863.947248	7380981.437816	0	171.999754	14130204.779677	14130204.779677	1360.998052	1360.998052	0.000000	0.000000	0.000000	0.000000	9.930000	0.000000	0.000000	13.850000	7.610000
38	2026-09-24T23:24:07.601297014Z	38014	2	76.500000	86.000000	64.500000	12.000000	9.500000	0.000000	14.000000	1.250000	0.850000	0.500000	2	3	6575.893549	3539.942695	3879243776	3185795072	693448704	107257856	57180160	719265792	0	0	0.000000	0.000000	81918.673901	81308379.779948	7	315.994885	58356.055332	58370.055106	63.998964	63.998964	0.000000	0.000000	0.000000	0.000000	9.930000	0.000000	0.000000	13.850000	7.610000
39	2026-09-24T23:24:08.601271027Z	39014	2	77.889447	89.447236	62.814070	15.075377	11.557789	0.000000	10.552764	1.250000	0.850000	0.500000	6	2	9453.246333	4632.120704	3879243776	3379044352	500199424	112594944	47529984	531423232	0	0	0.000000	0.000000	8192.213473	186196723.914232	2	580.015114	58306.519351	58306.519351	63.001642	63.001642	0.000000	0.000000	0.000000	0.000000	9.400000	0.540000	0.360000	14.780000	7.860000
40	2026-09-24T23:24:09.602024549Z	40015	2	21.608040	35.175879	17.085427	4.522613	13.567839	0.000000	64.824121	1.250000	0.850000	0.500000	1	0	6385.188633	3462.391019	3879243776	3378954240	500289536	118530048	44916736	528539648	0	0	0.000000	0.000000	491149.908721	91783639.192196	0	331.750020	58313.059943	58418.980130	63.951811	63.951811	0.000000	0.000000	0.000000	0.000000	9.400000	0.540000	0.360000	14.780000	7.860000
41	2026-09-24T23:24:10.601469798Z	41014	2	2.512563	9.045226	2.512563	0.000000	6.532663	0.000000	90.954774	1.150000	0.830000	0.500000	1	0	4296.383410	2376.318258	3879243776	3378851840	500391936	118530048	45035520	528535552	0	0	0.000000	0.000000	0.000000	7094111.444135	0	140.077708	60324.464876	60324.464876	69.038299	69.038299	0.000000	0.000000	0.000000	0.000000	7.880000	0.440000	0.290000	14.640000	8.430000
42	2026-09-24T23:24:11.601862601Z	42015	2	2.487562	8.955224	1.492537	0.995025	6.467662	0.000000	91.044776	1.150000	0.830000	0.500000	1	0	3909.464358	2138.160129	3879243776	3378974720	500269056	118272000	45162496	528547840	0	0	0.000000	0.000000	0.000000	7107864.023904	0	143.943459	58282.106730	58282.106730	62.975263	62.975263	0.000000	0.000000	0.000000	0.000000	7.880000	0.440000	0.290000	14.640000	8.430000
43	2026-09-24T23:24:12.601791417Z	43014	2	2.970297	9.900990	2.475248	0.495050	6.930693	0.000000	90.099010	1.150000	0.830000	0.500000	1	0	3893.277116	2193.156104	3879243776	3378810880	500432896	118272000	45334528	528486400	0	0	0.000000	0.000000	0.000000	7107065.866734	0	144.010250	58337.152322	58351.153318	64.004556	64.004556	0.000000	0.000000	0.000000	0.000000	6.450000	0.360000	0.240000	13.070000	7.990000
44	2026-09-24T23:24:13.601270816Z	44014	2	5.970149	18.407960	3.482587	2.487562	12.437811	0.000000	81.592040	1.150000	0.830000	0.500000	1	1	5744.990951	3391.765818	3879243776	3379347456	499896320	112881664	45649920	533028864	0	0	0.000000	0.000000	4085839.165501	8655258.091813	1	344.179186	158559.549114	380843.274245	255.132827	255.132827	0.000000	0.000000	0.000000	0.000000	6.450000	0.360000	0.240000	13.070000	7.990000
45	2026-09-24T23:24:14.602054645Z	45015	2	6.532663	26.633166	4.020101	2.512563	20.100503	0.000000	73.366834	1.150000	0.830000	0.500000	1	0	13771.205578	7388.208826	3879243776	3379523584	499720192	106688512	46276608	538423296	0	0	0.000000	0.000000	2496603.062655	11279734.492915	0	559.561393	136050.358287	483183.261632	295.768165	277.782263	0.000000	0.000000	0.000000	0.000000	5.460000	0.290000	0.190000	13.600000	9.260000
46	2026-09-24T23:24:15.601274213Z	46014	2	6.060606	25.252525	4.040404	2.020202	19.191919	0.000000	74.747475	1.060000	0.820000	0.490000	3	0	9058.069207	5026.923172	3879243776	3379769344	499474432	126803968	45965312	518430720	0	0	0.000000	0.000000	1914326.001270	10137319.488523	0	568.443632	137752.506464	536358.591408	296.231188	285.222597	0.000000	0.000000	0.000000	0.000000	5.460000	0.290000	0.190000	13.600000	9.260000
47	2026-09-24T23:24:16.601278654Z	47014	2	5.076142	22.842640	3.045685	2.030457	17.766497	0.000000	77.157360	1.060000	0.820000	0.490000	1	1	9419.958260	5258.976697	3879243776	3380715520	498528256	123707392	46505984	520040448	0	0	0.000000	0.000000	1495033.375507	9445334.147724	1	551.997554	125266.444944	410862.179470	266.998817	252.998879	0.000000	0.000000	0.000000	0.000000	4.650000	0.240000	0.160000	14.580000	10.840000
48	2026-09-24T23:24:17.601277704Z	48014	2	7.035176	35.678392	5.527638	1.507538	28.643216	0.000000	64.321608	1.060000	0.820000	0.490000	3	3	12947.011872	6624.006074	3879243776	3381227520	498016256	121643008	47038464	521183232	0	0	0.000000	0.000000	806912.739939	47091755.183140	4	628.000576	117989.108196	425113.389829	245.000225	237.000217	0.000000	0.000000	0.000000	0.000000	4.650000	0.240000	0.160000	14.580000	10.840000
49	2026-09-24T23:24:18.602196404Z	49015	2	6.500000	22.000000	4.000000	2.500000	15.500000	0.000000	78.000000	1.060000	0.820000	0.490000	3	0	12950.102935	6914.647617	3879243776	3380707328	498536448	120610816	47390720	522276864	0	0	0.000000	0.000000	814355.863484	10930374.428968	0	495.544750	124805.343203	399805.704496	258.762279	245.774211	0.000000	0.000000	0.000000	0.000000	3.990000	0.190000	0.130000	16.100000	12.860000
50	2026-09-24T23:24:19.601267725Z	50014	2	8.823529	28.921569	4.901961	3.431373	20.098039	0.490196	71.078431	1.060000	0.820000	0.490000	1	1	9515.837234	5109.745354	3879243776	3380682752	498561024	118546432	47812608	523927552	0	0	0.000000	0.000000	1303738.765243	13238278.216882	1	584.542857	128610.438843	477191.161228	273.253767	260.241683	0.000000	0.000000	0.000000	0.000000	3.990000	0.190000	0.130000	16.100000	12.860000
51	2026-09-24T23:24:20.601267409Z	51014	2	8.415842	30.693069	5.445545	2.970297	22.277228	0.000000	69.306931	1.140000	0.840000	0.500000	1	1	12075.003695	6564.002009	3879243776	3381018624	498225152	116224000	48402432	525430784	0	0	0.000000	0.000000	1048576.320864	11055107.382863	1	692.000212	147157.045030	625924.191533	349.000107	334.000102	0.000000	0.000000	0.000000	0.000000	3.450000	0.160000	0.100000	17.170000	14.340000
52	2026-09-24T23:24:21.601341578Z	52014	2	6.091371	26.395939	3.553299	2.538071	20.304569	0.000000	73.604061	1.140000	0.840000	0.500000	1	0	13154.024498	7058.476543	3879243776	3380195328	499048448	115245056	48812032	526618624	0	0	0.000000	0.000000	921531.659212	10353920.153281	0	587.956397	137746.784698	549563.244390	298.977828	289.978495	0.000000	0.000000	0.000000	0.000000	3.450000	0.160000	0.100000	17.170000	14.340000
53	2026-09-24T23:24:22.601269676Z	53014	2	7.425743	22.772277	3.960396	3.465347	15.346535	0.000000	77.227723	1.140000	0.840000	0.500000	2	1	11671.839205	6374.458324	3879243776	3383373824	495869952	111132672	49160192	527314944	0	0	0.000000	0.000000	360473.918075	9347744.102801	1	472.033939	118440.515873	402990.975051	249.017904	239.017185	0.000000	0.000000	0.000000	0.000000	3.000000	0.130000	0.080000	17.320000	14.820000
54	2026-09-24T23:24:23.601931848Z	54015	2	17.676768	44.949495	10.606061	7.070707	27.272727	0.000000	55.050505	1.140000	0.840000	0.500000	1	1	17907.142445	10722.899628	3879243776	3381731328	497512448	107061248	49827840	532451328	0	0	0.000000	0.000000	3237792.034486	14019516.710639	1	811.462675	478695.022995	2572635.480536	1300.139088	1327.121221	0.000000	0.000000	0.000000	0.000000	3.000000	0.130000	0.080000	17.320000	14.820000
55	2026-09-24T23:24:24.601480211Z	55014	2	26.213592	61.650485	16.019417	10.194175	35.436893	0.000000	38.349515	1.140000	0.840000	0.500000	6	0	24137.901473	14047.344244	3879243776	3382751232	496492544	123199488	49565696	515657728	0	0	0.000000	0.000000	2536569.598537	24455973.124510	0	1000.451837	642826.321580	3347477.831455	1665.752309	1705.770382	0.000000	0.000000	0.000000	0.000000	3.540000	0.100000	0.070000	20.700000	17.750000
56	2026-09-24T23:24:25.601512717Z	56014	2	39.901478	68.965517	30.049261	9.852217	29.064039	0.000000	31.034483	1.040000	0.830000	0.500000	4	1	25402.174658	14837.517914	3879243776	3242622976	636620800	257224704	50200576	521220096	0	0	0.000000	0.000000	1527758.361603	15805950.448864	0	963.968680	663798.432525	3502752.192079	1758.942850	1790.941811	0.000000	0.000000	0.000000	0.000000	3.540000	0.100000	0.070000	20.700000	17.750000
57	2026-09-24T23:24:26.602144135Z	57015	2	26.829268	58.048780	17.560976	9.268293	31.219512	0.000000	41.951220	1.040000	0.830000	0.500000	1	1	27615.562733	14849.623517	3879243776	3243790336	635453440	250851328	50737152	525688832	0	0	0.000000	0.000000	998793.332925	16209924.583530	1	995.371494	647347.246176	3428762.979621	1666.947441	1711.919045	0.000000	0.000000	0.000000	0.000000	4.530000	0.080000	0.050000	23.650000	20.150000
58	2026-09-24T23:24:27.601331783Z	58014	2	29.353234	65.174129	18.407960	10.945274	35.820896	0.000000	34.825871	1.040000	0.830000	0.500000	3	1	33095.885509	17310.061863	3879243776	3245531136	633712640	245719040	51204096	528822272	0	0	0.000000	0.000000	545210.903168	51106348.344290	8	996.809760	667324.102069	3727039.668128	1785.450414	1824.482122	0.000000	0.000000	0.000000	0.000000	4.530000	0.080000	0.050000	23.650000	20.150000
59	2026-09-24T23:24:28.601279896Z	59014	2	27.319588	66.494845	18.556701	8.762887	39.175258	0.000000	33.505155	1.040000	0.830000	0.500000	1	2	32745.699076	17034.883889	3879243776	3246268416	632975360	240816128	51945472	532238336	0	0	0.000000	0.000000	495641.717362	62393509.412023	2	1000.051890	670208.775123	3817741.091132	1819.094387	1875.097293	0.000000	0.000000	0.000000	0.000000	5.520000	0.070000	0.040000	27.700000	23.200000
60	2026-09-24T23:24:29.601215719Z	60014	2	24.365482	58.883249	17.766497	6.598985	34.517766	0.000000	41.116751	1.040000	0.830000	0.500000	6	1	29886.918023	15961.024315	3879243776	3246530560	632713216	235941888	52662272	536031232	0	0	0.000000	0.000000	225294.458497	28628781.280667	0	1000.064180	621305.872926	3406653.625403	1687.108272	1706.109491	0.000000	0.000000	0.000000	0.000000	5.520000	0.070000	0.040000	27.700000	23.200000
61	2026-09-24T23:24:30.601287888Z	61014	2	35.714286	68.367347	25.510204	10.204082	32.653061	0.000000	31.632653	1.040000	0.830000	0.500000	2	0	28063.974511	15117.908880	3879243776	3246907392	632336384	231325696	53288960	539652096	0	0	0.000000	0.000000	53244.157156	24103220.374173	1	967.930141	628637.628708	3467738.719426	1730.875076	1740.874354	0.000000	0.000000	0.000000	0.000000	6.330000	0.050000	0.030000	30.110000	25.160000
62	2026-09-24T23:24:31.601269353Z	62014	2	24.226804	57.731959	14.948454	9.278351	33.505155	0.000000	42.268041	1.040000	0.830000	0.500000	1	1	25899.480150	14013.259792	3879243776	3134218240	745025536	340217856	53858304	542904320	0	0	0.000000	0.000000	192515.569046	16347439.065173	1	1000.018539	666620.358475	3622476.157085	1777.032944	1808.033519	0.000000	0.000000	0.000000	0.000000	6.330000	0.050000	0.030000	30.110000	25.160000
63	2026-09-24T23:24:32.601281533Z	63014	2	22.842640	55.329949	15.228426	7.614213	32.487310	0.000000	44.670051	1.040000	0.830000	0.500000	2	1	27140.669481	14635.821765	3879243776	3128594432	750649344	342855680	54419456	545202176	0	0	0.000000	0.000000	61439.251793	15855422.912660	1	991.987920	620690.441232	3242345.514716	1593.980589	1629.980150	0.000000	0.000000	0.000000	0.000000	6.630000	0.040000	0.030000	31.360000	26.400000
64	2026-09-24T23:24:33.601883745Z	64015	2	32.291667	63.541667	19.270833	13.020833	31.250000	0.000000	36.458333	1.040000	0.830000	0.500000	3	1	30670.527509	18893.620599	3879243776	2940125184	939118592	526995456	54976512	549068800	0	0	0.000000	0.000000	163741.380531	17070038.920399	0	995.400482	999783.842189	5183105.277888	2519.482546	2577.447634	0.000000	0.000000	0.000000	0.000000	6.630000	0.040000	0.030000	31.360000	26.400000
65	2026-09-24T23:24:34.601276005Z	65014	2	41.919192	71.212121	25.252525	16.666667	29.292929	0.000000	28.787879	1.040000	0.830000	0.500000	5	0	36216.010208	20142.241407	3879243776	2934697984	944545792	526508032	55447552	554614784	0	0	0.000000	0.000000	172136.615684	18328451.079487	0	996.605685	1223312.465704	6934588.482281	3172.928341	3297.003747	0.000000	0.000000	0.000000	0.000000	7.970000	0.030000	0.020000	32.560000	27.050000
66	2026-09-24T23:24:35.601976947Z	66015	2	49.738220	84.293194	36.125654	13.612565	34.554974	0.000000	15.706806	1.200000	0.860000	0.520000	1	1	25324.250891	15489.144062	3879243776	2932539392	946704384	522637312	55799808	560087040	0	0	0.000000	0.000000	221029.086460	44807507.582930	1	983.310823	1200262.767033	7143956.986291	3221.741965	3344.655818	0.000000	0.000000	0.000000	0.000000	7.970000	0.030000	0.020000	32.560000	27.050000
67	2026-09-24T23:24:36.60199878Z	67015	2	38.775510	68.877551	26.020408	12.244898	30.102041	0.510204	31.122449	1.200000	0.860000	0.520000	6	1	35116.233272	19479.574683	3879243776	2925453312	953790464	524058624	56180736	565374976	0	0	0.000000	0.000000	20479.552849	18488940.312477	1	999.978166	1176081.321440	6841944.612981	3156.931072	3252.928976	0.000000	0.000000	0.000000	0.000000	9.240000	0.030000	0.020000	34.450000	27.760000
68	2026-09-24T23:24:37.601244432Z	68014	2	45.226131	72.864322	28.643216	16.582915	27.638191	0.000000	27.135678	1.200000	0.860000	0.520000	2	2	39398.717744	22050.632395	3879243776	2928857088	950386688	514568192	56598528	571039744	0	0	0.000000	0.000000	45090.010583	18855822.607588	1	996.751832	1323669.420017	7633624.905861	3418.578572	3563.688026	0.000000	0.000000	0.000000	0.000000	9.240000	0.030000	0.020000	34.450000	27.760000
69	2026-09-24T23:24:38.601266159Z	69014	2	54.000000	79.500000	40.500000	13.500000	25.500000	0.000000	20.500000	1.200000	0.860000	0.520000	3	1	25567.446184	16877.634414	3879243776	2928238592	951005184	509435904	57110528	576389120	0	0	0.000000	0.000000	65534.580455	17866364.996668	1	963.979119	1236810.209454	7035162.611343	3179.931120	3302.928455	0.000000	0.000000	0.000000	0.000000	10.650000	0.020000	0.010000	35.090000	27.620000
70	2026-09-24T23:24:39.601778871Z	70014	2	43.718593	71.356784	30.150754	13.567839	27.638191	0.000000	28.643216	1.200000	0.860000	0.520000	4	0	38813.100019	21498.977195	3879243776	2926137344	953106432	505364480	57528320	582041600	0	0	0.000000	0.000000	32751.208030	18717315.389075	0	999.487550	1226035.395714	7296516.980889	3306.304815	3429.241783	0.000000	0.000000	0.000000	0.000000	10.650000	0.020000	0.010000	35.090000	27.620000
71	2026-09-24T23:24:40.602055817Z	71015	2	43.842365	72.413793	28.571429	15.270936	28.571429	0.000000	27.586207	1.180000	0.870000	0.520000	2	0	36703.820746	20551.300405	3879243776	2922041344	957202432	501264384	57987072	589778944	0	0	0.000000	0.000000	106466.473121	22988568.465365	0	995.723851	1300486.329624	7386470.473211	3331.076176	3444.044846	0.000000	0.000000	0.000000	0.000000	11.800000	0.020000	0.010000	35.800000	27.690000
72	2026-09-24T23:24:41.601277384Z	72014	2	52.604167	78.645833	41.145833	11.458333	26.041667	0.000000	21.354167	1.180000	0.870000	0.520000	4	1	27790.643909	16277.677381	3879243776	2919538688	959705088	498196480	58335232	595099648	0	0	0.000000	0.000000	0.000000	17999554.412968	1	960.748250	1268078.604979	7341395.625741	3317.583801	3460.695259	0.000000	0.000000	0.000000	0.000000	11.800000	0.020000	0.010000	35.800000	27.690000
73	2026-09-24T23:24:42.601267737Z	73014	2	37.878788	67.676768	24.747475	13.131313	29.797980	0.000000	32.323232	1.180000	0.870000	0.520000	1	1	34770.333169	19176.183746	3879243776	2916884480	962359296	495128576	58679296	600473600	0	0	0.000000	0.000000	0.000000	18206894.458463	1	1000.009582	1140675.929957	6344367.791732	2964.028401	3058.029302	0.000000	0.000000	0.000000	0.000000	12.560000	0.010000	0.010000	36.020000	27.560000
74	2026-09-24T23:24:43.601304055Z	74014	2	47.208122	75.126904	30.456853	16.751269	27.918782	0.000000	24.873096	1.180000	0.870000	0.520000	7	1	36663.670905	21959.203957	3879243776	2909679616	969564160	483545088	59252736	618602496	0	0	0.000000	0.000000	229367.685192	29797319.817359	1	999.963750	1422919.417748	8336168.805545	3820.861490	3952.856705	0.000000	0.000000	0.000000	0.000000	12.560000	0.010000	0.010000	36.020000	27.560000
75	2026-09-24T23:24:44.602141779Z	75015	2	51.052632	77.894737	34.210526	16.842105	26.842105	0.000000	22.105263	1.180000	0.870000	0.520000	2	1	31714.430063	19097.000781	3879243776	2936823808	942419968	450260992	59416576	624668672	0	0	0.000000	0.000000	0.000000	45554411.106582	1	991.169611	1308789.513160	7338715.719374	3406.146375	3586.994862	0.000000	0.000000	0.000000	0.000000	13.540000	0.010000	0.000000	36.920000	27.460000
76	2026-09-24T23:24:45.601229004Z	76014	2	37.435897	68.205128	26.666667	10.769231	30.769231	0.000000	31.794872	1.250000	0.890000	0.530000	5	1	26696.369434	14644.367921	3879243776	2946306048	932937728	430911488	59953152	633999360	0	0	0.000000	0.000000	3874256.564740	22646976.998542	1	988.902707	822820.100632	5310930.013421	2200.008249	2269.071292	0.000000	0.000000	0.000000	0.000000	13.540000	0.010000	0.000000	36.920000	27.460000
77	2026-09-24T23:24:46.601495743Z	77014	2	29.591837	61.734694	19.387755	10.204082	32.142857	0.000000	38.265306	1.250000	0.890000	0.530000	4	0	32139.427033	17781.256974	3879243776	2941480960	937762816	430911488	60276736	638631936	0	0	0.000000	0.000000	0.000000	18218244.410831	0	999.733328	770622.441858	5233542.989042	2129.431989	2168.421589	0.000000	0.000000	0.000000	0.000000	13.260000	0.010000	0.000000	37.300000	28.100000
78	2026-09-24T23:24:47.601673206Z	78014	2	30.102041	62.755102	18.877551	11.224490	32.653061	0.000000	37.244898	1.250000	0.890000	0.530000	7	1	32723.193040	17341.922554	3879243776	2940387328	938856448	426782720	60612608	643489792	0	0	0.000000	0.000000	8190.546530	18400062.780059	1	999.822574	802668.560845	5459056.252255	2190.611261	2246.601325	0.000000	0.000000	0.000000	0.000000	13.260000	0.010000	0.000000	37.300000	28.100000
79	2026-09-24T23:24:48.601270594Z	79014	2	28.717949	61.025641	18.461538	10.256410	32.307692	0.000000	38.974359	1.250000	0.890000	0.530000	6	0	28631.525363	15815.366333	3879243776	2940461056	938782720	421363712	60964864	648478720	0	0	0.000000	0.000000	4097.649472	18529570.912004	0	996.401092	814951.051211	5619016.884676	2236.900444	2300.926217	0.000000	0.000000	0.000000	0.000000	12.850000	0.000000	0.000000	37.420000	28.810000
80	2026-09-24T23:24:49.601351987Z	80014	2	33.333333	62.801932	21.739130	11.594203	29.468599	0.000000	37.198068	1.250000	0.890000	0.530000	3	0	32347.369480	17075.611394	3879243776	2944512000	934731776	412332032	61251584	652972032	0	0	0.000000	0.000000	0.000000	18360874.875294	1	995.919011	766065.702771	5199018.210640	2091.829890	2143.825662	0.000000	0.000000	0.000000	0.000000	12.850000	0.000000	0.000000	37.420000	28.810000
81	2026-09-24T23:24:50.601480874Z	81014	2	43.654822	72.081218	32.994924	10.659898	28.426396	0.000000	27.918782	1.310000	0.900000	0.540000	5	1	28151.371570	14901.079400	3879243776	2956582912	922660864	392720384	61558784	660307968	0	0	0.000000	0.000000	0.000000	17446711.293381	1	963.875766	751205.177165	5080551.167760	2058.734650	2097.729624	0.000000	0.000000	0.000000	0.000000	12.700000	0.000000	0.000000	37.160000	28.840000
82	2026-09-24T23:24:51.601277695Z	82014	2	30.303030	62.626263	18.686869	11.616162	32.323232	0.000000	37.373737	1.310000	0.900000	0.540000	4	0	29716.037199	17649.585743	3879243776	2956374016	922869760	387559424	61874176	665255936	0	0	0.000000	0.000000	0.000000	25916561.286341	1	1000.203204	794572.427718	5438978.999290	2183.443595	2236.454365	0.000000	0.000000	0.000000	0.000000	12.700000	0.000000	0.000000	37.160000	28.840000
83	2026-09-24T23:24:52.601774087Z	83014	2	30.845771	62.189055	18.905473	11.442786	31.343284	0.497512	37.810945	1.310000	0.900000	0.540000	2	1	31228.499016	16506.806467	3879243776	2956619776	922624000	382140416	62095360	670334976	0	0	0.000000	0.000000	0.000000	18295942.388189	1	995.505858	786008.846431	5325748.442268	2147.933824	2189.912986	0.000000	0.000000	0.000000	0.000000	12.390000	0.000000	0.000000	37.500000	29.410000
84	2026-09-24T23:24:53.601357986Z	84014	2	25.789474	58.947368	16.842105	8.947368	33.157895	0.000000	41.052632	1.310000	0.900000	0.540000	2	0	25614.658208	13822.751619	3879243776	2956697600	922546176	376979456	62300160	675188736	0	0	0.000000	0.000000	0.000000	18226592.048498	0	992.412941	794399.548063	5442395.569912	2170.903309	2242.933280	0.000000	0.000000	0.000000	0.000000	12.390000	0.000000	0.000000	37.500000	29.410000
85	2026-09-24T23:24:54.601280256Z	85014	2	36.224490	66.326531	20.918367	15.306122	30.102041	0.000000	33.673469	1.310000	0.900000	0.540000	4	1	32733.544411	22266.730815	3879243776	3020427264	858816512	308359168	62476288	679911424	0	0	0.000000	0.000000	0.000000	18249098.520677	1	992.077115	787181.188381	5338192.943076	2151.167212	2204.171332	0.000000	0.000000	0.000000	0.000000	12.320000	0.000000	0.000000	37.590000	29.700000
86	2026-09-24T23:24:55.601274222Z	86014	2	39.795918	68.367347	28.061224	11.734694	28.571429	0.000000	31.632653	1.200000	0.890000	0.530000	5	1	30643.182266	16414.097631	3879243776	3015667712	863576064	308359168	62681088	684462080	0	0	0.000000	0.000000	0.000000	21803137.685063	0	980.005829	740434.404104	5030897.923781	2035.012104	2073.012330	0.000000	0.000000	0.000000	0.000000	12.320000	0.000000	0.000000	37.590000	29.700000
87	2026-09-24T23:24:56.601281395Z	87014	2	34.825871	65.671642	24.378109	10.447761	30.845771	0.000000	34.328358	1.200000	0.890000	0.530000	1	0	23353.834538	14390.898040	3879243776	3010797568	868446208	308359168	62947328	689168384	0	0	0.000000	0.000000	0.000000	26398532.966394	0	995.992943	784027.445166	5316158.335018	2155.984725	2209.984342	0.000000	0.000000	0.000000	0.000000	12.260000	0.000000	0.000000	37.480000	29.750000
88	2026-09-24T23:24:57.60127968Z	88014	2	29.145729	61.306533	20.100503	9.045226	32.160804	0.000000	38.693467	1.200000	0.890000	0.530000	1	1	26306.045089	15605.026747	3879243776	3005812736	873431040	308359168	63217664	693784576	0	0	0.000000	0.000000	0.000000	18288671.346783	1	996.001707	778017.333522	5292167.070774	2142.003671	2179.003735	0.000000	0.000000	0.000000	0.000000	12.260000	0.000000	0.000000	37.480000	29.750000
89	2026-09-24T23:24:58.601825246Z	89015	2	28.717949	61.025641	17.435897	11.282051	32.307692	0.000000	38.974359	1.200000	0.890000	0.530000	2	0	29464.924880	16074.230414	3879243776	3000745984	878497792	308359168	63463424	698703872	0	0	0.000000	0.000000	0.000000	18213167.478645	0	999.454729	782645.013925	5354442.787357	2137.833666	2207.795497	0.000000	0.000000	0.000000	0.000000	11.850000	0.000000	0.000000	37.570000	30.160000
90	2026-09-24T23:24:59.601347772Z	90014	2	28.571429	61.224490	18.367347	10.204082	32.653061	0.000000	38.775510	1.200000	0.890000	0.530000	5	0	29233.958426	16171.721560	3879243776	2995871744	883372032	308359168	63684608	703250432	0	0	0.000000	0.000000	0.000000	18309670.373242	1	1000.477701	826601.679984	5624417.507501	2280.088681	2326.110655	0.000000	0.000000	0.000000	0.000000	11.850000	0.000000	0.000000	37.570000	30.160000
91	2026-09-24T23:25:00.601268897Z	91014	2	26.666667	58.974359	16.923077	9.743590	32.307692	0.000000	41.025641	1.270000	0.910000	0.540000	1	1	31637.493825	18760.478795	3879243776	2991988736	887255040	308359168	63893504	706928640	0	0	0.000000	0.000000	0.000000	20637274.733181	1	1000.078831	792434.463647	5376997.841855	2166.170748	2214.174532	0.000000	0.000000	0.000000	0.000000	11.330000	0.000000	0.000000	37.650000	30.490000
92	2026-09-24T23:25:01.602027104Z	92015	2	37.823834	67.875648	30.569948	7.253886	30.051813	0.000000	32.124352	1.270000	0.910000	0.540000	4	0	16920.170923	11471.302321	3879243776	2988265472	890978304	308359168	64073728	710488064	0	0	0.000000	0.000000	0.000000	37691485.863121	0	931.293882	758703.741719	5160618.157386	2097.409719	2140.377140	0.000000	0.000000	0.000000	0.000000	11.330000	0.000000	0.000000	37.650000	30.490000
93	2026-09-24T23:25:02.601289079Z	93014	2	25.641026	58.461538	14.871795	10.769231	32.820513	0.000000	41.538462	1.270000	0.910000	0.540000	1	1	26756.748648	16474.159264	3879243776	2984316928	894926848	308359168	64237568	714158080	0	0	0.000000	0.000000	0.000000	17650403.427412	1	1000.738626	799346.982820	5441388.185233	2188.615375	2239.653045	0.000000	0.000000	0.000000	0.000000	10.730000	0.000000	0.000000	37.350000	30.580000
94	2026-09-24T23:25:03.601283288Z	94014	2	26.130653	58.793970	16.582915	9.547739	32.663317	0.000000	41.206030	1.270000	0.910000	0.540000	5	0	28274.163821	17050.098788	3879243776	2980745216	898498560	308359168	64344064	717717504	0	0	0.000000	0.000000	0.000000	17346660.506551	0	1000.005794	764767.431062	5229482.299620	2097.012150	2157.012498	0.000000	0.000000	0.000000	0.000000	10.730000	0.000000	0.000000	37.350000	30.580000
95	2026-09-24T23:25:04.601267341Z	95014	2	28.140704	60.301508	17.085427	11.055276	32.160804	0.000000	39.698492	1.270000	0.910000	0.540000	4	1	29564.469336	17864.283596	3879243776	2976542720	902701056	308359168	64491520	721670144	0	0	0.000000	0.000000	0.000000	17781018.273665	1	1000.015875	830011.176427	5632251.411991	2266.035973	2327.036942	0.000000	0.000000	0.000000	0.000000	10.230000	0.000000	0.000000	37.470000	30.840000
96	2026-09-24T23:25:05.601276395Z	96014	2	23.195876	57.216495	15.463918	7.731959	34.020619	0.000000	42.783505	1.330000	0.930000	0.550000	1	2	23711.786973	14765.867343	3879243776	2972794880	906448896	308359168	64704512	725307392	0	0	0.000000	0.000000	0.000000	17710944.884871	1	999.991016	791991.884745	5426172.251268	2172.980478	2226.979993	0.000000	0.000000	0.000000	0.000000	10.230000	0.000000	0.000000	37.470000	30.840000
97	2026-09-24T23:25:06.601324217Z	97014	2	24.615385	57.948718	14.358974	10.256410	33.333333	0.000000	42.051282	1.330000	0.930000	0.550000	5	1	25382.784342	15816.242513	3879243776	2970931200	908312576	306036736	64905216	729190400	0	0	0.000000	0.000000	0.000000	17824938.310230	0	995.952301	823195.574694	5631283.300949	2243.892533	2311.889277	0.000000	0.000000	0.000000	0.000000	10.230000	0.000000	0.000000	37.470000	30.840000
98	2026-09-24T23:25:07.601281483Z	98014	2	43.283582	71.144279	33.830846	9.452736	27.860697	0.000000	28.855721	1.330000	0.930000	0.550000	1	1	24997.070000	15305.655159	3879243776	2978193408	901050368	295198720	65073152	732700672	0	0	0.000000	0.000000	0.000000	16683722.146726	1	936.040067	759202.497663	5143626.172918	2091.089509	2144.091778	0.000000	0.000000	0.000000	0.000000	9.640000	0.000000	0.000000	37.560000	31.230000
99	2026-09-24T23:25:08.601279587Z	99014	2	28.500000	60.500000	15.000000	13.500000	32.000000	0.000000	39.500000	1.330000	0.930000	0.550000	1	1	31842.060341	18846.035713	3879243776	2978529280	900714496	291069952	65208320	736460800	0	0	0.000000	0.000000	4096.007762	17690657.523796	1	1000.001895	790253.497530	5373639.183046	2158.004089	2209.004186	0.000000	0.000000	0.000000	0.000000	9.640000	0.000000	0.000000	37.560000	31.230000
100	2026-09-24T23:25:09.601251168Z	100014	2	28.787879	61.111111	18.181818	10.101010	32.323232	0.505051	38.888889	1.330000	0.930000	0.550000	1	2	26139.743231	15792.449027	3879243776	2978291712	900952064	285650944	65560576	741564416	0	0	0.000000	0.000000	790550.477722	18186757.104065	1	1016.028889	789913.459609	5378821.936044	2176.061872	2224.063237	0.000000	0.000000	0.000000	0.000000	9.530000	0.000000	0.000000	37.280000	31.010000
101	2026-09-24T23:25:10.601232916Z	101014	2	31.658291	62.814070	20.100503	11.557789	31.155779	0.000000	37.185930	1.220000	0.910000	0.550000	4	1	28061.511870	16211.295710	3879243776	2978209792	901033984	280748032	65773568	746438656	0	0	0.000000	0.000000	0.000000	22561179.538476	1	1000.018241	782898.280848	5328933.205071	2149.039201	2200.040131	0.000000	0.000000	0.000000	0.000000	9.530000	0.000000	0.000000	37.280000	31.010000
102	2026-09-24T23:25:11.601360565Z	102014	2	27.835052	60.824742	19.072165	8.762887	32.989691	0.000000	39.175258	1.220000	0.910000	0.550000	5	1	27518.487320	15943.964785	3879243776	2977984512	901259264	276103168	65888256	751190016	0	0	0.000000	0.000000	0.000000	18216682.676890	1	999.872368	789730.192520	5366487.978543	2156.724698	2216.717041	0.000000	0.000000	0.000000	0.000000	9.610000	0.000000	0.000000	37.590000	31.190000
103	2026-09-24T23:25:12.60126887Z	103014	2	32.019704	63.546798	20.197044	11.822660	31.527094	0.000000	36.453202	1.220000	0.910000	0.550000	1	1	28682.630025	15392.411392	3879243776	2981625856	897617920	264491008	65970176	758980608	0	0	0.000000	0.000000	0.000000	18507425.019830	1	1000.091702	811540.413387	5543008.260599	2225.204038	2284.209448	0.000000	0.000000	0.000000	0.000000	9.610000	0.000000	0.000000	37.590000	31.190000
104	2026-09-24T23:25:13.602195977Z	104015	2	26.633166	37.688442	23.115578	3.517588	11.055276	0.000000	62.311558	1.220000	0.910000	0.550000	1	0	8921.728594	4979.383574	3879243776	2987675648	891568128	257265664	65978368	760147968	0	0	0.000000	0.000000	0.000000	9493918.112566	0	395.633205	216281.483706	1211998.346637	555.485005	546.493342	0.000000	0.000000	0.000000	0.000000	9.680000	0.000000	0.000000	37.660000	31.330000
105	2026-09-24T23:25:14.601632007Z	105014	2	3.000000	13.500000	2.000000	1.000000	10.500000	0.000000	86.500000	1.220000	0.910000	0.550000	2	0	4935.783688	2751.551823	3879243776	2987638784	891604992	257265664	66002944	760156160	0	0	0.000000	0.000000	0.000000	18237485.595364	0	216.121889	58702.106873	58800.162174	70.039501	70.039501	0.000000	0.000000	0.000000	0.000000	9.680000	0.000000	0.000000	37.660000	31.330000
106	2026-09-24T23:25:15.601277541Z	106014	2	2.020202	7.070707	2.020202	0.000000	5.050505	0.000000	92.929293	1.120000	0.900000	0.540000	2	0	3495.238894	1983.703128	3879243776	2987618304	891625472	257265664	66035712	760143872	0	0	0.000000	0.000000	4097.452350	5547950.482144	0	116.041131	58689.802718	58787.837467	70.024820	70.024820	0.000000	0.000000	0.000000	0.000000	8.290000	0.000000	0.000000	32.830000	27.470000
107	2026-09-24T23:25:16.601322418Z	107014	2	2.985075	7.960199	2.985075	0.000000	4.975124	0.000000	92.039801	1.120000	0.900000	0.540000	1	0	3455.844919	1987.910793	3879243776	2987872256	891371520	257007616	66043904	760172544	0	0	0.000000	0.000000	0.000000	7200444.880036	0	111.994974	58510.374347	58510.374347	66.996994	66.996994	0.000000	0.000000	0.000000	0.000000	8.290000	0.000000	0.000000	32.830000	27.470000
108	2026-09-24T23:25:17.601347483Z	108014	2	2.020202	7.070707	1.515152	0.505051	5.050505	0.000000	92.929293	1.120000	0.900000	0.540000	2	0	3588.910040	2001.949819	3879243776	2987839488	891404288	257007616	66052096	760172544	0	0	0.000000	0.000000	0.000000	5349241.915902	0	115.997092	58303.538564	58303.538564	62.998421	62.998421	0.000000	0.000000	0.000000	0.000000	6.790000	0.000000	0.000000	27.790000	23.400000
109	2026-09-24T23:25:18.601268899Z	109014	2	2.985075	8.457711	2.487562	0.497512	5.472637	0.000000	91.542289	1.120000	0.900000	0.540000	1	0	3928.308734	2249.176767	3879243776	2987819008	891424768	257007616	66060288	760184832	0	0	0.000000	0.000000	0.000000	5325218.519574	0	116.009117	58465.594928	58507.598229	66.005187	66.005187	0.000000	0.000000	0.000000	0.000000	6.790000	0.000000	0.000000	27.790000	23.400000
110	2026-09-24T23:25:19.601735557Z	110014	2	3.500000	8.000000	2.500000	1.000000	4.500000	0.000000	92.000000	1.120000	0.900000	0.540000	1	0	3685.280212	2102.019063	3879243776	2987810816	891432960	257007616	66072576	760180736	0	0	0.000000	0.000000	0.000000	5338692.624345	0	115.945892	58353.768397	58367.761867	63.970147	63.970147	0.000000	0.000000	0.000000	0.000000	5.560000	0.000000	0.000000	23.660000	20.060000
111	2026-09-24T23:25:20.602093591Z	111015	2	2.500000	8.000000	2.000000	0.500000	5.500000	0.000000	92.000000	1.030000	0.880000	0.540000	1	0	3705.673236	2049.266289	3879243776	2988056576	891187200	256749568	66080768	760197120	0	0	0.000000	0.000000	0.000000	5347461.416304	0	111.959914	60268.421735	60268.421735	68.975304	68.975304	0.000000	0.000000	0.000000	0.000000	5.560000	0.000000	0.000000	23.660000	20.060000
112	2026-09-24T23:25:21.60127539Z	112014	2	3.000000	8.000000	2.500000	0.500000	5.000000	0.000000	92.000000	1.030000	0.880000	0.540000	1	0	3827.131367	2170.776133	3879243776	2988036096	891207680	256749568	66088960	760193024	0	0	0.000000	0.000000	0.000000	5333259.683740	0	112.091714	58352.744332	58352.744332	63.051589	63.051589	0.000000	0.000000	0.000000	0.000000	4.550000	0.000000	0.000000	20.280000	17.330000
113	2026-09-24T23:25:22.601599612Z	113014	2	2.985075	7.960199	2.487562	0.497512	4.975124	0.000000	92.039801	1.030000	0.880000	0.540000	2	0	3670.809850	2101.318710	3879243776	2988253184	890990592	256491520	66109440	760209408	0	0	0.000000	0.000000	0.000000	5355831.532301	0	111.963699	58442.051918	58456.047380	65.978608	65.978608	0.000000	0.000000	0.000000	0.000000	4.550000	0.000000	0.000000	20.280000	17.330000
114	2026-09-24T23:25:23.601268518Z	114014	2	3.500000	8.500000	1.500000	2.000000	5.000000	0.000000	91.500000	1.030000	0.880000	0.540000	1	0	4159.377132	2317.767392	3879243776	2988253184	890990592	256491520	66117632	760209408	0	0	0.000000	0.000000	0.000000	5351147.716849	0	112.037094	58324.310654	58324.310654	63.020866	63.020866	0.000000	0.000000	0.000000	0.000000	3.720000	0.000000	0.000000	17.510000	15.100000
115	2026-09-24T23:25:24.601270919Z	115014	2	3.482587	8.457711	2.985075	0.497512	4.975124	0.000000	91.542289	1.030000	0.880000	0.540000	1	0	3661.991204	2091.994975	3879243776	2988236800	891006976	256491520	66125824	760225792	0	0	0.000000	0.000000	0.000000	5328883.200023	0	111.999731	58332.859884	58346.859851	63.999846	63.999846	0.000000	0.000000	0.000000	0.000000	3.720000	0.000000	0.000000	17.510000	15.100000
116	2026-09-24T23:25:25.601269911Z	116014	2	2.500000	7.500000	2.500000	0.000000	5.000000	0.000000	92.500000	0.950000	0.870000	0.540000	2	0	3605.003648	2033.002057	3879243776	2988220416	891023360	256491520	66134016	760221696	0	0	0.000000	0.000000	0.000000	5357573.421864	0	108.000109	58305.059005	58305.059005	63.000064	63.000064	0.000000	0.000000	0.000000	0.000000	3.050000	0.000000	0.000000	15.240000	13.270000
117	2026-09-24T23:25:26.601271217Z	117014	2	3.015075	7.537688	2.010050	1.005025	4.522613	0.000000	92.462312	0.950000	0.870000	0.540000	1	0	3776.995045	2149.997179	3879243776	2988204032	891039744	256491520	66150400	760233984	0	0	0.000000	0.000000	0.000000	5296121.051489	0	107.999858	58304.923504	58304.923504	62.999917	62.999917	0.000000	0.000000	0.000000	0.000000	3.050000	0.000000	0.000000	15.240000	13.270000
118	2026-09-24T23:25:27.601263813Z	118014	2	2.985075	7.462687	1.492537	0.995025	4.477612	0.497512	92.537313	0.950000	0.870000	0.540000	2	0	3381.025050	1970.014596	3879243776	2988720128	890523648	255975424	66162688	760221696	0	0	0.000000	0.000000	0.000000	4272159.652431	0	92.000682	58565.433911	58635.434430	68.000504	68.000504	0.000000	0.000000	0.000000	0.000000	2.490000	0.000000	0.000000	13.200000	11.590000
119	2026-09-24T23:25:28.601273395Z	119014	2	3.465347	6.930693	2.475248	0.990099	3.465347	0.000000	93.069307	0.950000	0.870000	0.540000	1	0	3289.968472	1884.981936	3879243776	2988683264	890560512	255975424	66162688	760246272	0	0	0.000000	0.000000	0.000000	3567581.811863	0	75.999272	58460.439774	58502.439371	65.999368	65.999368	0.000000	0.000000	0.000000	0.000000	2.490000	0.000000	0.000000	13.200000	11.590000
120	2026-09-24T23:25:29.601738872Z	120014	2	2.500000	6.000000	2.500000	0.000000	3.500000	0.000000	94.000000	0.950000	0.870000	0.540000	1	0	3862.201952	2217.967425	3879243776	2988683264	890560512	255975424	66170880	760242176	0	0	0.000000	0.000000	0.000000	3570049.963240	0	75.964635	58641.699357	58739.653754	69.967427	69.967427	0.000000	0.000000	0.000000	0.000000	2.040000	0.000000	0.000000	11.540000	10.210000
121	2026-09-24T23:25:30.601269676Z	121014	2	3.015075	6.030151	2.512563	0.502513	3.015075	0.000000	93.969849	0.870000	0.850000	0.530000	1	0	3362.577944	1964.922071	3879243776	2988666880	890576896	255975424	66174976	760250368	0	0	0.000000	0.000000	0.000000	3343905.181009	0	72.033803	60681.475753	60779.521763	76.035681	76.035681	0.000000	0.000000	0.000000	0.000000	2.040000	0.000000	0.000000	11.540000	10.210000
122	2026-09-24T23:25:31.601278245Z	122014	2	2.985075	5.472637	2.487562	0.497512	2.487562	0.000000	94.527363	0.870000	0.850000	0.530000	1	0	2907.975096	1662.985758	3879243776	2988646400	890597376	255975424	66187264	760254464	0	0	0.000000	0.000000	0.000000	2691048.953857	0	59.999486	58512.498899	58512.498899	66.999426	66.999426	0.000000	0.000000	0.000000	0.000000	1.670000	0.000000	0.000000	9.990000	8.900000
123	2026-09-24T23:25:32.601276233Z	123014	2	2.500000	4.500000	2.000000	0.500000	2.000000	0.000000	95.500000	0.870000	0.850000	0.530000	1	0	3391.006863	1981.004010	3879243776	2988638208	890605568	255975424	66195456	760266752	0	0	0.000000	0.000000	0.000000	2146308.344128	0	52.000105	58305.118010	58305.118010	63.000128	63.000128	0.000000	0.000000	0.000000	0.000000	1.670000	0.000000	0.000000	9.990000	8.900000
124	2026-09-24T23:25:33.601271551Z	124014	2	2.512563	4.020101	2.512563	0.000000	1.507538	0.000000	95.979899	0.870000	0.850000	0.530000	1	0	3710.017374	2147.010054	3879243776	2988879872	890363904	255717376	66199552	760266752	0	0	0.000000	0.000000	0.000000	1462278.847852	0	40.000187	58721.274992	58777.275254	71.000332	71.000332	0.000000	0.000000	0.000000	0.000000	1.370000	0.000000	0.000000	8.540000	7.650000
125	2026-09-24T23:25:34.601276793Z	125014	2	2.985075	3.980100	1.990050	0.995025	0.995025	0.000000	96.019900	0.870000	0.850000	0.530000	1	0	3367.982298	1955.989719	3879243776	2988871680	890372096	255717376	66203648	760279040	0	0	0.000000	0.000000	0.000000	925691.134567	0	23.999874	58304.693551	58304.693551	62.999669	62.999669	0.000000	0.000000	0.000000	0.000000	1.370000	0.000000	0.000000	8.540000	7.650000
126	2026-09-24T23:25:35.601777113Z	126014	2	2.500000	3.500000	2.000000	0.500000	1.000000	0.000000	96.500000	0.800000	0.840000	0.530000	1	0	2933.532295	1749.124878	3879243776	2988859392	890384384	255717376	66203648	760291328	0	0	0.000000	0.000000	4093.951714	925233.087382	0	27.985998	58351.805425	58365.798424	63.967996	63.967996	0.000000	0.000000	0.000000	0.000000	1.120000	0.000000	0.000000	7.170000	6.450000
127	2026-09-24T23:25:36.601265499Z	127014	2	2.500000	3.500000	2.500000	0.000000	1.000000	0.000000	96.500000	0.800000	0.840000	0.530000	1	0	2892.479836	1764.902951	3879243776	2988851200	890392576	255717376	66207744	760287232	0	0	0.000000	0.000000	0.000000	922071.745736	0	28.014333	58362.859314	58376.866481	64.032760	64.032760	0.000000	0.000000	0.000000	0.000000	1.120000	0.000000	0.000000	7.170000	6.450000
128	2026-09-24T23:25:37.601774256Z	128014	2	2.000000	3.000000	1.500000	0.500000	1.000000	0.000000	97.000000	0.800000	0.840000	0.530000	2	0	2897.525863	1708.130976	3879243776	2988847104	890396672	255717376	66207744	760299520	0	0	0.000000	0.000000	0.000000	552678.820781	0	23.987796	58483.246239	58445.265562	66.965931	65.966439	0.000000	0.000000	0.000000	0.000000	0.910000	0.000000	0.000000	6.050000	5.460000
129	2026-09-24T23:25:38.601269324Z	129014	2	2.985075	2.985075	2.487562	0.497512	0.000000	0.000000	97.014925	0.800000	0.840000	0.530000	1	0	3032.531216	1825.921963	3879243776	2988843008	890400768	255717376	66207744	760299520	0	0	0.000000	0.000000	0.000000	24588.415429	0	8.004041	58334.454816	58334.454816	63.031827	63.031827	0.000000	0.000000	0.000000	0.000000	0.910000	0.000000	0.000000	6.050000	5.460000
130	2026-09-24T23:25:39.601436861Z	130014	2	3.465347	3.465347	2.970297	0.495050	0.000000	0.000000	96.534653	0.800000	0.840000	0.530000	1	0	3039.490770	1776.702335	3879243776	2988834816	890408960	255717376	66207744	760311808	0	0	0.000000	0.000000	0.000000	0.000000	0	0.000000	58295.233333	58295.233333	62.989447	62.989447	0.000000	0.000000	0.000000	0.000000	0.750000	0.000000	0.000000	4.960000	4.470000
131	2026-09-24T23:25:40.601268785Z	131014	2	2.010050	2.010050	1.507538	0.502513	0.000000	0.000000	97.989950	0.740000	0.820000	0.530000	4	0	2749.462119	1623.272833	3879243776	2989084672	890159104	255459328	66207744	760315904	0	0	0.000000	0.000000	0.000000	0.000000	0	0.000000	60297.134501	60297.134501	69.011599	69.011599	0.000000	0.000000	0.000000	0.000000	0.750000	0.000000	0.000000	4.960000	4.470000
132	2026-09-24T23:25:41.601268535Z	132014	2	2.985075	2.985075	2.985075	0.000000	0.000000	0.000000	97.014925	0.740000	0.820000	0.530000	1	0	2581.000650	1574.000397	3879243776	2989084672	890159104	255459328	66207744	760324096	0	0	0.000000	0.000000	0.000000	102400.025805	0	4.000001	58305.014693	58305.014693	63.000016	63.000016	0.000000	0.000000	0.000000	0.000000	0.610000	0.000000	0.000000	4.060000	3.660000
133	2026-09-24T23:25:42.601515352Z	133014	2	2.500000	2.500000	2.000000	0.500000	0.000000	0.000000	97.500000	0.740000	0.820000	0.530000	1	0	3345.174334	1982.510671	3879243776	2989330432	889913344	255201280	66207744	760328192	0	0	0.000000	0.000000	0.000000	0.000000	0	0.000000	58550.548378	58752.498532	67.983220	69.982727	0.000000	0.000000	0.000000	0.000000	0.610000	0.000000	0.000000	4.060000	3.660000
134	2026-09-24T23:25:43.601267896Z	134014	2	2.000000	2.500000	2.000000	0.000000	0.500000	0.000000	97.500000	0.740000	0.820000	0.530000	1	0	2756.682204	1658.410412	3879243776	2989330432	889913344	255201280	66207744	760332288	0	0	0.000000	0.000000	0.000000	20485.069502	0	4.000990	58475.471100	58517.481497	66.016337	66.016337	0.000000	0.000000	0.000000	0.000000	0.500000	0.000000	0.000000	3.320000	2.990000
135	2026-09-24T23:25:44.601268516Z	135014	2	2.500000	2.500000	1.500000	1.000000	0.000000	0.000000	97.500000	0.740000	0.820000	0.530000	1	0	3054.998075	1887.998811	3879243776	2989334528	889909248	255201280	66207744	760344576	0	0	0.000000	0.000000	0.000000	0.000000	0	0.000000	59480.962527	59900.962262	84.999946	86.999945	0.000000	0.000000	0.000000	0.000000	0.500000	0.000000	0.000000	3.320000	2.990000
136	2026-09-24T23:25:45.601269381Z	136014	2	2.970297	2.970297	1.485149	0.990099	0.000000	0.495050	97.029703	0.680000	0.810000	0.520000	1	0	3045.997344	1761.998464	3879243776	2989326336	889917440	255201280	66207744	760344576	0	0	0.000000	0.000000	0.000000	0.000000	0	0.000000	58304.949158	58304.949158	62.999945	62.999945	0.000000	0.000000	0.000000	0.000000	0.410000	0.000000	0.000000	2.720000	2.450000
137	2026-09-24T23:25:46.601268087Z	137014	2	2.010050	2.010050	2.010050	0.000000	0.000000	0.000000	97.989950	0.680000	0.810000	0.520000	1	0	2778.003617	1650.002148	3879243776	2989309952	889933824	255201280	66207744	760352768	0	0	0.000000	0.000000	0.000000	147456.191988	0	4.000005	58513.076184	58513.076184	67.000087	67.000087	0.000000	0.000000	0.000000	0.000000	0.410000	0.000000	0.000000	2.720000	2.450000
138	2026-09-24T23:25:47.601391527Z	138014	2	2.487562	2.487562	1.990050	0.497512	0.000000	0.000000	97.512438	0.680000	0.810000	0.520000	1	0	2909.640802	1751.783741	3879243776	2989309952	889933824	255201280	66207744	760356864	0	0	0.000000	0.000000	0.000000	0.000000	0	0.000000	58297.803078	58297.803078	62.992224	62.992224	0.000000	0.000000	0.000000	0.000000	0.330000	0.000000	0.000000	2.220000	2.010000
139	2026-09-24T23:25:48.60126915Z	139014	2	2.970297	2.970297	2.475248	0.495050	0.000000	0.000000	97.029703	0.680000	0.810000	0.520000	2	0	2698.330189	1594.195078	3879243776	2989309952	889933824	255201280	66207744	760360960	0	0	0.000000	0.000000	0.000000	49158.015368	0	4.000490	58364.141903	58378.143617	64.007833	64.007833	0.000000	0.000000	0.000000	0.000000	0.330000	0.000000	0.000000	2.220000	2.010000
140	2026-09-24T23:25:49.601227448Z	140014	2	2.487562	2.487562	1.990050	0.497512	0.000000	0.000000	97.512438	0.680000	0.810000	0.520000	3	0	2582.106633	1547.063889	3879243776	2989309952	889933824	255201280	66207744	760360960	0	0	0.000000	0.000000	0.000000	0.000000	0	0.000000	58307.407921	58307.407921	63.002602	63.002602	0.000000	0.000000	0.000000	0.000000	0.270000	0.000000	0.000000	1.820000	1.640000
141	2026-09-24T23:25:50.601271319Z	141014	2	2.500000	2.500000	2.000000	0.500000	0.000000	0.000000	97.500000	0.620000	0.800000	0.520000	2	0	2972.870861	1747.924072	3879243776	2989559808	889683968	254943232	66207744	760377344	0	0	0.000000	0.000000	0.000000	0.000000	0	0.000000	60284.381307	60284.381307	68.997003	68.997003	0.000000	0.000000	0.000000	0.000000	0.270000	0.000000	0.000000	1.820000	1.640000
142	2026-09-24T23:25:51.601268523Z	142014	2	2.000000	2.000000	1.500000	0.500000	0.000000	0.000000	98.000000	0.620000	0.800000	0.520000	1	0	3350.009330	1941.005406	3879243776	2989555712	889688064	254943232	66207744	760377344	0	0	0.000000	0.000000	0.000000	57344.159703	0	4.000011	58381.162592	58395.162631	64.000178	64.000178	0.000000	0.000000	0.000000	0.000000	0.220000	0.000000	0.000000	1.490000	1.340000
143	2026-09-24T23:25:52.601362338Z	143014	2	2.500000	2.500000	2.000000	0.500000	0.000000	0.000000	97.500000	0.620000	0.800000	0.520000	1	0	2911.726839	1702.840250	3879243776	2989535232	889708544	254943232	66207744	760385536	0	0	0.000000	0.000000	0.000000	0.000000	0	0.000000	58403.520932	58403.520932	64.993903	64.993903	0.000000	0.000000	0.000000	0.000000	0.220000	0.000000	0.000000	1.490000	1.340000
144	2026-09-24T23:25:53.601268825Z	144014	2	1.507538	1.507538	1.005025	0.502513	0.000000	0.000000	98.492462	0.620000	0.800000	0.520000	4	0	2852.266721	1640.153374	3879243776	2989531136	889712640	254943232	66207744	760393728	0	0	0.000000	0.000000	0.000000	65542.128976	0	12.001122	58338.455346	58352.456655	64.005985	64.005985	0.000000	0.000000	0.000000	0.000000	0.180000	0.000000	0.000000	1.220000	1.100000
145	2026-09-24T23:25:54.60127048Z	145014	2	2.487562	2.487562	1.990050	0.497512	0.000000	0.000000	97.512438	0.620000	0.800000	0.520000	2	0	2580.995731	1567.997407	3879243776	2989531136	889712640	254943232	66207744	760401920	0	0	0.000000	0.000000	0.000000	0.000000	0	0.000000	58304.903564	58304.903564	62.999896	62.999896	0.000000	0.000000	0.000000	0.000000	0.180000	0.000000	0.000000	1.220000	1.100000
146	2026-09-24T23:25:55.601317449Z	146014	2	2.487562	2.487562	1.990050	0.497512	0.000000	0.000000	97.512438	0.570000	0.780000	0.520000	1	0	2894.864022	1717.919306	3879243776	2989531136	889712640	254943232	66207744	760401920	0	0	0.000000	0.000000	0.000000	0.000000	0	0.000000	58302.261426	58302.261426	62.997041	62.997041	0.000000	0.000000	0.000000	0.000000	0.150000	0.000000	0.000000	1.000000	0.900000
147	2026-09-24T23:25:56.602220234Z	147015	2	3.448276	3.448276	2.463054	0.985222	0.000000	0.000000	96.551724	0.570000	0.780000	0.520000	1	0	2607.645867	1573.579402	3879243776	2989522944	889720832	254943232	66207744	760406016	0	0	0.000000	0.000000	0.000000	0.000000	0	0.000000	58280.385575	58294.372948	63.942274	63.942274	0.000000	0.000000	0.000000	0.000000	0.150000	0.000000	0.000000	1.000000	0.900000
148	2026-09-24T23:25:57.601548215Z	148014	2	1.515152	1.515152	1.010101	0.505051	0.000000	0.000000	98.484848	0.570000	0.780000	0.520000	1	0	2907.954203	1748.174808	3879243776	2989506560	889737216	254943232	66207744	760418304	0	0	0.000000	0.000000	0.000000	0.000000	0	0.000000	58396.243444	58410.252858	64.043038	64.043038	0.000000	0.000000	0.000000	0.000000	0.120000	0.000000	0.000000	0.810000	0.730000
149	2026-09-24T23:25:58.60192442Z	149015	2	2.487562	2.487562	1.492537	0.995025	0.000000	0.000000	97.512438	0.570000	0.780000	0.520000	1	0	3262.772529	1873.295257	3879243776	2989502464	889741312	254943232	66207744	760418304	0	0	0.000000	0.000000	0.000000	49133.515726	0	7.996991	58542.975840	58612.949515	67.974428	67.974428	0.000000	0.000000	0.000000	0.000000	0.120000	0.000000	0.000000	0.810000	0.730000
150	2026-09-24T23:25:59.601616918Z	150014	2	2.010050	2.010050	2.010050	0.000000	0.000000	0.000000	97.989950	0.570000	0.780000	0.520000	1	0	2663.819159	1621.498632	3879243776	2989285376	889958400	254943232	66207744	760631296	0	0	0.000000	0.000000	286808.197249	0.000000	0	4.001230	58899.112243	58665.040263	64.019687	64.019687	0.000000	0.000000	0.000000	0.000000	0.100000	0.000000	0.000000	0.670000	0.600000
151	2026-09-24T23:26:00.601797761Z	151014	2	2.487562	2.487562	1.492537	0.995025	0.000000	0.000000	97.512438	0.530000	0.770000	0.520000	1	0	2767.499476	1667.698383	3879243776	2989244416	889999360	254943232	66207744	760717312	0	0	0.000000	0.000000	0.000000	0.000000	0	0.000000	60276.098585	60276.098585	68.987523	68.987523	0.000000	0.000000	0.000000	0.000000	0.100000	0.000000	0.000000	0.670000	0.600000
152	2026-09-24T23:26:01.601269337Z	152014	2	1.990050	2.487562	1.492537	0.497512	0.497512	0.000000	97.512438	0.530000	0.770000	0.520000	1	0	3141.660147	1821.962780	3879243776	2989461504	889782272	254685184	66207744	760725504	0	0	0.000000	0.000000	0.000000	106552.305435	0	4.002115	58543.936372	58543.936372	67.035424	67.035424	0.000000	0.000000	0.000000	0.000000	0.080000	0.000000	0.000000	0.540000	0.490000
153	2026-09-24T23:26:02.601740077Z	153014	2	2.487562	2.487562	1.990050	0.497512	0.000000	0.000000	97.512438	0.530000	0.770000	0.520000	1	0	2539.804235	1551.269647	3879243776	2989449216	889794560	254685184	66207744	760725504	0	0	0.000000	0.000000	0.000000	0.000000	0	0.000000	58277.562341	58277.562341	62.970353	62.970353	0.000000	0.000000	0.000000	0.000000	0.080000	0.000000	0.000000	0.540000	0.490000
154	2026-09-24T23:26:03.602124307Z	154015	2	3.465347	3.465347	1.980198	0.990099	0.000000	0.495050	96.534653	0.530000	0.770000	0.520000	1	0	2971.858325	1727.336423	3879243776	2989449216	889794560	254685184	66207744	760733696	0	0	0.000000	0.000000	0.000000	57321.979074	0	7.996928	58334.590067	58348.584691	63.975423	63.975423	0.000000	0.000000	0.000000	0.000000	0.060000	0.000000	0.000000	0.440000	0.400000
155	2026-09-24T23:26:04.601661224Z	155014	2	2.487562	2.487562	1.990050	0.497512	0.000000	0.000000	97.512438	0.530000	0.770000	0.520000	1	0	2576.192991	1567.725987	3879243776	2989449216	889794560	254685184	66207744	760741888	0	0	0.000000	0.000000	0.000000	0.000000	0	0.000000	58332.012563	58332.012563	63.029188	63.029188	0.000000	0.000000	0.000000	0.000000	0.060000	0.000000	0.000000	0.440000	0.400000
156	2026-09-24T23:26:05.601269706Z	156014	2	2.000000	2.000000	2.000000	0.000000	0.000000	0.000000	98.000000	0.480000	0.760000	0.510000	1	0	2968.161884	1737.680213	3879243776	2989449216	889794560	254685184	66207744	760745984	0	0	0.000000	0.000000	0.000000	0.000000	0	0.000000	58327.832372	58327.832372	63.024671	63.024671	0.000000	0.000000	0.000000	0.000000	0.050000	0.000000	0.000000	0.360000	0.330000
157	2026-09-24T23:26:06.601277512Z	157014	2	2.010050	2.010050	2.010050	0.000000	0.000000	0.000000	97.989950	0.480000	0.760000	0.510000	1	0	3566.972402	2003.984495	3879243776	2989449216	889794560	254685184	66207744	760754176	0	0	0.000000	0.000000	0.000000	0.000000	0	0.000000	58304.548898	58304.548898	62.999513	62.999513	0.000000	0.000000	0.000000	0.000000	0.050000	0.000000	0.000000	0.360000	0.330000
158	2026-09-24T23:26:07.601761291Z	158014	2	2.487562	2.487562	1.990050	0.497512	0.000000	0.000000	97.512438	0.480000	0.760000	0.510000	1	0	2631.726828	1596.227780	3879243776	2989432832	889810944	254685184	66207744	760758272	0	0	0.000000	0.000000	0.000000	0.000000	0	0.000000	58380.756674	58380.756674	64.968570	64.968570	0.000000	0.000000	0.000000	0.000000	0.040000	0.000000	0.000000	0.300000	0.270000
159	2026-09-24T23:26:08.60222237Z	159015	2	2.000000	2.000000	1.500000	0.500000	0.000000	0.000000	98.000000	0.480000	0.760000	0.510000	1	0	2808.704962	1647.240490	3879243776	2989412352	889831424	254685184	66207744	760766464	0	0	0.000000	0.000000	0.000000	61411.684301	0	7.996313	58354.094094	58368.087642	63.970504	63.970504	0.000000	0.000000	0.000000	0.000000	0.040000	0.000000	0.000000	0.300000	0.270000
160	2026-09-24T23:26:09.601606182Z	160014	2	43.283582	43.283582	36.815920	6.467662	0.000000	0.000000	56.716418	0.480000	0.760000	0.510000	5	0	2562.579015	1682.036441	3879243776	3082719232	796524544	118751232	66207744	803581952	0	0	0.000000	0.000000	0.000000	36886.728938	0	4.002466	58340.948642	58340.948642	63.038843	63.038843	0.000000	0.000000	0.000000	0.000000	0.030000	0.000000	0.000000	0.240000	0.220000
161	2026-09-24T23:26:10.601271786Z	161014	2	47.738693	52.763819	37.688442	10.050251	5.025126	0.000000	47.236181	0.770000	0.810000	0.530000	1	0	4092.368480	3624.211929	3879243776	3104165888	775077888	298979328	66211840	601833472	0	0	0.000000	0.000000	548023.257881	129304807.268941	0	296.099015	60307.166596	60307.166596	69.023081	69.023081	0.000000	0.000000	0.000000	0.000000	0.030000	0.000000	0.000000	0.240000	0.220000
162	2026-09-24T23:26:11.601267136Z	162014	2	2.487562	2.487562	1.990050	0.497512	0.000000	0.000000	97.512438	0.770000	0.810000	0.530000	1	0	3091.014386	1786.008312	3879243776	3104165888	775077888	298979328	66211840	601833472	0	0	0.000000	0.000000	0.000000	77824.362195	0	4.000019	58305.271353	58305.271353	63.000293	63.000293	0.000000	0.000000	0.000000	0.000000	0.390000	0.000000	0.000000	0.740000	0.540000
163	2026-09-24T23:26:12.601281238Z	163014	2	2.000000	2.000000	2.000000	0.000000	0.000000	0.000000	98.000000	0.770000	0.810000	0.530000	1	0	3014.957480	1782.974855	3879243776	3104153600	775090176	298979328	66211840	601845760	0	0	0.000000	0.000000	0.000000	0.000000	0	0.000000	58720.171869	58766.171221	70.998999	69.999013	0.000000	0.000000	0.000000	0.000000	0.390000	0.000000	0.000000	0.740000	0.540000
164	2026-09-24T23:26:13.601269374Z	164014	2	2.000000	2.000000	2.000000	0.000000	0.000000	0.000000	98.000000	0.770000	0.810000	0.530000	1	0	2581.030474	1593.018809	3879243776	3104153600	775090176	298979328	66211840	601845760	0	0	0.000000	0.000000	0.000000	0.000000	0	0.000000	59189.698853	58965.696208	80.000945	73.000862	0.000000	0.000000	0.000000	0.000000	0.320000	0.000000	0.000000	0.610000	0.440000
165	2026-09-24T23:26:14.601501415Z	165014	2	2.000000	2.000000	1.000000	1.000000	0.000000	0.000000	98.000000	0.770000	0.810000	0.530000	1	0	2669.380749	1553.639582	3879243776	3104141312	775102464	298979328	66211840	601853952	0	0	0.000000	0.000000	0.000000	65520.800288	0	3.999072	58291.477368	58291.477368	62.985388	62.985388	0.000000	0.000000	0.000000	0.000000	0.320000	0.000000	0.000000	0.610000	0.440000
166	2026-09-24T23:26:15.601269044Z	166014	2	2.487562	2.487562	1.990050	0.497512	0.000000	0.000000	97.512438	0.700000	0.800000	0.530000	1	0	2942.683827	1727.401417	3879243776	3104141312	775102464	298979328	66211840	601858048	0	0	0.000000	0.000000	0.000000	61454.280869	0	4.000930	58318.552182	58318.552182	63.014643	63.014643	0.000000	0.000000	0.000000	0.000000	0.260000	0.000000	0.000000	0.490000	0.360000
167	2026-09-24T23:26:16.60165674Z	167014	2	1.990050	1.990050	1.492537	0.497512	0.000000	0.000000	98.009950	0.700000	0.800000	0.530000	1	0	2885.881124	1636.365570	3879243776	3104399360	774844416	298721280	66211840	601866240	0	0	0.000000	0.000000	0.000000	0.000000	0	0.000000	58490.322892	58490.322892	66.974034	66.974034	0.000000	0.000000	0.000000	0.000000	0.260000	0.000000	0.000000	0.490000	0.360000
168	2026-09-24T23:26:17.601322799Z	168014	2	2.487562	2.487562	1.990050	0.497512	0.000000	0.000000	97.512438	0.700000	0.800000	0.530000	2	0	3144.049918	1840.614651	3879243776	3104391168	774852608	298721280	66211840	601866240	0	0	0.000000	0.000000	0.000000	0.000000	0	0.000000	58352.486113	58366.490789	64.021379	64.021379	0.000000	0.000000	0.000000	0.000000	0.210000	0.000000	0.000000	0.400000	0.290000
169	2026-09-24T23:26:18.601330836Z	169014	2	2.000000	2.000000	2.000000	0.000000	0.000000	0.000000	98.000000	0.700000	0.800000	0.530000	1	0	2762.977788	1645.986768	3879243776	3104391168	774852608	298721280	66211840	601870336	0	0	0.000000	0.000000	0.000000	0.000000	0	0.000000	58304.531290	58304.531290	62.999494	62.999494	0.000000	0.000000	0.000000	0.000000	0.210000	0.000000	0.000000	0.400000	0.290000
170	2026-09-24T23:26:19.601268779Z	170014	2	2.000000	2.000000	1.000000	1.000000	0.000000	0.000000	98.000000	0.700000	0.800000	0.530000	1	0	2998.186073	1715.106443	3879243776	3104391168	774852608	298721280	66211840	601886720	0	0	0.000000	0.000000	0.000000	0.000000	0	0.000000	58360.621977	58374.622846	64.003972	64.003972	0.000000	0.000000	0.000000	0.000000	0.170000	0.000000	0.000000	0.330000	0.240000
171	2026-09-24T23:26:20.602129875Z	171015	2	2.955665	2.955665	1.477833	1.477833	0.000000	0.000000	97.044335	0.650000	0.780000	0.530000	1	0	2996.419792	1756.487494	3879243776	3104391168	774852608	298721280	66211840	601890816	0	0	0.000000	0.000000	0.000000	16369.903925	0	3.996559	60235.131709	60235.131709	68.940635	68.940635	0.000000	0.000000	0.000000	0.000000	0.170000	0.000000	0.000000	0.330000	0.240000
172	2026-09-24T23:26:21.601278134Z	172014	2	2.970297	2.970297	1.980198	0.495050	0.000000	0.495050	97.029703	0.650000	0.780000	0.530000	1	0	2742.335562	1615.375765	3879243776	3104378880	774864896	298721280	66211840	601894912	0	0	0.000000	0.000000	0.000000	0.000000	0	0.000000	58354.698888	58354.698888	63.053701	63.053701	0.000000	0.000000	0.000000	0.000000	0.140000	0.000000	0.000000	0.270000	0.190000
173	2026-09-24T23:26:22.601447115Z	173014	2	1.507538	1.507538	1.005025	0.502513	0.000000	0.000000	98.492462	0.650000	0.780000	0.530000	1	0	2683.546719	1567.735192	3879243776	3104358400	774885376	298721280	66211840	601899008	0	0	0.000000	0.000000	0.000000	0.000000	0	0.000000	58399.135744	58399.135744	64.989023	64.989023	0.000000	0.000000	0.000000	0.000000	0.140000	0.000000	0.000000	0.270000	0.190000
174	2026-09-24T23:26:23.601277769Z	174014	2	2.000000	2.000000	1.500000	0.500000	0.000000	0.000000	98.000000	0.650000	0.780000	0.530000	1	0	2858.484070	1727.292508	3879243776	3104354304	774889472	298721280	66211840	601907200	0	0	0.000000	0.000000	0.000000	0.000000	0	0.000000	58314.875333	58314.875333	63.010671	63.010671	0.000000	0.000000	0.000000	0.000000	0.110000	0.000000	0.000000	0.220000	0.160000
175	2026-09-24T23:26:24.60127204Z	175014	2	2.475248	2.475248	1.980198	0.495050	0.000000	0.000000	97.524752	0.650000	0.780000	0.530000	1	0	2612.014975	1518.008703	3879243776	3104354304	774889472	298721280	66211840	601907200	0	0	0.000000	0.000000	0.000000	0.000000	0	0.000000	58381.334700	58395.334780	64.000367	64.000367	0.000000	0.000000	0.000000	0.000000	0.110000	0.000000	0.000000	0.220000	0.160000
176	2026-09-24T23:26:25.601269373Z	176014	2	2.000000	2.000000	1.500000	0.500000	0.000000	0.000000	98.000000	0.600000	0.770000	0.520000	1	0	2844.007579	1701.004533	3879243776	3104354304	774889472	298721280	66211840	601919488	0	0	0.000000	0.000000	0.000000	16384.043663	0	4.000011	58305.155383	58305.155383	63.000168	63.000168	0.000000	0.000000	0.000000	0.000000	0.090000	0.000000	0.000000	0.180000	0.130000
177	2026-09-24T23:26:26.60204398Z	177015	2	2.000000	2.000000	1.500000	0.500000	0.000000	0.000000	98.000000	0.600000	0.770000	0.520000	1	0	2771.852898	1631.736043	3879243776	3104354304	774889472	298721280	66211840	601923584	0	0	0.000000	0.000000	0.000000	0.000000	0	0.000000	58259.871379	58259.871379	62.951237	62.951237	0.000000	0.000000	0.000000	0.000000	0.090000	0.000000	0.000000	0.180000	0.130000
178	2026-09-24T23:26:27.601275845Z	178014	2	1.990050	1.990050	1.492537	0.497512	0.000000	0.000000	98.009950	0.600000	0.770000	0.520000	1	0	2666.047887	1571.206901	3879243776	3104354304	774889472	298721280	66211840	601927680	0	0	0.000000	0.000000	0.000000	0.000000	0	0.000000	58349.820598	58349.820598	63.048430	63.048430	0.000000	0.000000	0.000000	0.000000	0.070000	0.000000	0.000000	0.140000	0.100000
179	2026-09-24T23:26:28.601280384Z	179014	2	1.507538	1.507538	1.507538	0.000000	0.000000	0.000000	98.492462	0.600000	0.770000	0.520000	1	0	2650.987975	1611.992688	3879243776	3104342016	774901760	298721280	66211840	601927680	0	0	0.000000	0.000000	0.000000	0.000000	0	0.000000	58304.735530	58304.735530	62.999714	62.999714	0.000000	0.000000	0.000000	0.000000	0.070000	0.000000	0.000000	0.140000	0.100000
180	2026-09-24T23:26:29.60218462Z	180015	2	2.487562	2.487562	0.995025	1.492537	0.000000	0.000000	97.512438	0.600000	0.770000	0.520000	1	0	2736.525535	1569.580729	3879243776	3104313344	774930432	298721280	66211840	601939968	0	0	0.000000	0.000000	0.000000	0.000000	0	0.000000	58252.326150	58252.326150	62.943085	62.943085	0.000000	0.000000	0.000000	0.000000	0.060000	0.000000	0.000000	0.120000	0.080000
181	2026-09-24T23:26:30.60151849Z	181014	2	1.507538	1.507538	1.507538	0.000000	0.000000	0.000000	98.492462	0.550000	0.760000	0.520000	1	0	2829.885069	1671.113177	3879243776	3104313344	774930432	298721280	66211840	601944064	0	0	0.000000	0.000000	0.000000	16394.921132	0	4.002666	60327.185688	60327.185688	69.045994	69.045994	0.000000	0.000000	0.000000	0.000000	0.060000	0.000000	0.000000	0.120000	0.080000
182	2026-09-24T23:26:31.60186664Z	182015	2	1.990050	1.990050	1.492537	0.497512	0.000000	0.000000	98.009950	0.550000	0.760000	0.520000	1	0	2712.055800	1601.442459	3879243776	3104313344	774930432	298721280	66211840	601948160	0	0	0.000000	0.000000	0.000000	0.000000	0	0.000000	58284.708237	58284.708237	62.978074	62.978074	0.000000	0.000000	0.000000	0.000000	0.050000	0.000000	0.000000	0.100000	0.070000
183	2026-09-24T23:26:32.601708571Z	183014	2	1.010101	1.010101	1.010101	0.000000	0.000000	0.000000	98.989899	0.550000	0.760000	0.520000	1	0	2824.446449	1641.259427	3879243776	3104301056	774942720	298721280	66211840	601952256	0	0	0.000000	0.000000	0.000000	0.000000	0	0.000000	58522.250378	58522.250378	67.010592	67.010592	0.000000	0.000000	0.000000	0.000000	0.050000	0.000000	0.000000	0.100000	0.070000
184	2026-09-24T23:26:33.601280569Z	184014	2	2.970297	2.970297	1.980198	0.990099	0.000000	0.000000	97.029703	0.550000	0.760000	0.520000	1	0	3074.315859	1794.768191	3879243776	3104296960	774946816	298721280	66211840	601964544	0	0	0.000000	0.000000	0.000000	0.000000	0	0.000000	58329.966217	58329.966217	63.026977	63.026977	0.000000	0.000000	0.000000	0.000000	0.040000	0.000000	0.000000	0.080000	0.050000
185	2026-09-24T23:26:34.601396127Z	185014	2	1.507538	1.507538	1.507538	0.000000	0.000000	0.000000	98.492462	0.550000	0.760000	0.520000	1	0	2827.673189	1611.813713	3879243776	3104292864	774950912	298721280	66211840	601968640	0	0	0.000000	0.000000	0.000000	0.000000	0	0.000000	58558.232074	58572.230456	67.992142	67.992142	0.000000	0.000000	0.000000	0.000000	0.040000	0.000000	0.000000	0.080000	0.050000
186	2026-09-24T23:26:35.601268172Z	186014	2	2.941176	3.431373	2.450980	0.490196	0.490196	0.000000	96.568627	0.500000	0.740000	0.520000	1	0	2550.326365	1528.195563	3879243776	3104522240	774721536	298491904	66211840	601976832	0	0	0.000000	0.000000	0.000000	16386.096929	0	4.000512	58312.462246	58312.462246	63.008063	63.008063	0.000000	0.000000	0.000000	0.000000	0.030000	0.000000	0.000000	0.060000	0.040000
187	2026-09-24T23:26:36.601267842Z	187014	2	1.010101	1.010101	1.010101	0.000000	0.000000	0.000000	98.989899	0.500000	0.740000	0.520000	1	0	2626.000843	1585.000509	3879243776	3104759808	774483968	298233856	66211840	601980928	0	0	0.000000	0.000000	0.000000	0.000000	0	0.000000	58305.018716	58305.018716	63.000020	63.000020	0.000000	0.000000	0.000000	0.000000	0.030000	0.000000	0.000000	0.060000	0.040000
188	2026-09-24T23:26:37.601267899Z	188014	2	3.431373	3.431373	2.450980	0.980392	0.000000	0.000000	96.568627	0.500000	0.740000	0.520000	1	0	2582.999840	1520.999906	3879243776	3104759808	774483968	298233856	66211840	601985024	0	0	0.000000	0.000000	0.000000	0.000000	0	0.000000	58436.996377	58450.996376	65.999996	65.999996	0.000000	0.000000	0.000000	0.000000	0.020000	0.000000	0.000000	0.050000	0.030000
189	2026-09-24T23:26:38.601268659Z	189014	2	2.487562	2.487562	1.990050	0.497512	0.000000	0.000000	97.512438	0.500000	0.740000	0.520000	2	0	2989.997725	1761.998659	3879243776	3104759808	774483968	298233856	66211840	601997312	0	0	0.000000	0.000000	0.000000	0.000000	0	0.000000	58304.955630	58304.955630	62.999952	62.999952	0.000000	0.000000	0.000000	0.000000	0.020000	0.000000	0.000000	0.050000	0.030000
190	2026-09-24T23:26:39.601272825Z	190014	2	2.970297	2.970297	1.980198	0.495050	0.000000	0.495050	97.029703	0.500000	0.740000	0.520000	1	0	3179.986787	1811.992471	3879243776	3104743424	774500352	298233856	66211840	601997312	0	0	0.000000	0.000000	0.000000	0.000000	0	0.000000	58304.757744	58304.757744	62.999738	62.999738	0.000000	0.000000	0.000000	0.000000	0.020000	0.000000	0.000000	0.040000	0.030000
191	2026-09-24T23:26:40.601267154Z	191014	2	2.000000	2.000000	1.500000	0.500000	0.000000	0.000000	98.000000	0.460000	0.730000	0.510000	1	0	2941.016640	1700.009619	3879243776	3104743424	774500352	298233856	66215936	602001408	0	0	0.000000	0.000000	0.000000	16384.092701	0	4.000023	60363.341536	60377.341615	70.000396	70.000396	0.000000	0.000000	0.000000	0.000000	0.020000	0.000000	0.000000	0.040000	0.030000
192	2026-09-24T23:26:41.601592471Z	192014	2	2.000000	2.000000	1.500000	0.500000	0.000000	0.000000	98.000000	0.460000	0.730000	0.510000	1	0	2730.111867	1630.469592	3879243776	3104743424	774500352	298233856	66215936	602009600	0	0	0.000000	0.000000	0.000000	0.000000	0	0.000000	58286.038969	58286.038969	62.979512	62.979512	0.000000	0.000000	0.000000	0.000000	0.010000	0.000000	0.000000	0.030000	0.020000
193	2026-09-24T23:26:42.601268027Z	193014	2	3.030303	3.030303	1.010101	2.020202	0.000000	0.000000	96.969697	0.460000	0.730000	0.510000	1	0	2818.914563	1796.582880	3879243776	3106316288	772927488	296648704	66215936	602013696	0	0	0.000000	0.000000	0.000000	204866.466467	0	4.001298	58323.922497	58323.922497	63.020446	63.020446	0.000000	0.000000	0.000000	0.000000	0.010000	0.000000	0.000000	0.030000	0.020000
194	2026-09-24T23:26:43.601267897Z	194014	2	2.955665	2.955665	1.970443	0.985222	0.000000	0.000000	97.044335	0.460000	0.730000	0.510000	1	0	2591.000347	1565.000210	3879243776	3106308096	772935680	296648704	66215936	602013696	0	0	0.000000	0.000000	0.000000	0.000000	0	0.000000	58305.007813	58305.007813	63.000008	63.000008	0.000000	0.000000	0.000000	0.000000	0.010000	0.000000	0.000000	0.020000	0.020000
195	2026-09-24T23:26:44.601267742Z	195014	2	2.487562	2.487562	1.990050	0.497512	0.000000	0.000000	97.512438	0.460000	0.730000	0.510000	1	0	3018.000465	1746.000269	3879243776	3106308096	772935680	296648704	66215936	602025984	0	0	0.000000	0.000000	0.000000	0.000000	0	0.000000	58305.008979	58305.008979	63.000010	63.000010	0.000000	0.000000	0.000000	0.000000	0.010000	0.000000	0.000000	0.020000	0.020000
196	2026-09-24T23:26:45.601272084Z	196014	2	1.507538	1.507538	1.005025	0.502513	0.000000	0.000000	98.492462	0.430000	0.720000	0.510000	1	0	3050.986765	1747.992417	3879243776	3106308096	772935680	296648704	66215936	602034176	0	0	0.000000	0.000000	0.000000	61439.733474	0	3.999983	58332.746953	58346.746892	63.999722	63.999722	0.000000	0.000000	0.000000	0.000000	0.010000	0.000000	0.000000	0.020000	0.010000
197	2026-09-24T23:26:46.601267785Z	197014	2	2.000000	2.000000	1.500000	0.500000	0.000000	0.000000	98.000000	0.430000	0.720000	0.510000	2	0	3050.012862	1786.007532	3879243776	3106304000	772939776	296648704	66215936	602038272	0	0	0.000000	0.000000	0.000000	45056.190002	0	4.000017	58305.245873	58305.245873	63.000266	63.000266	0.000000	0.000000	0.000000	0.000000	0.010000	0.000000	0.000000	0.020000	0.010000
198	2026-09-24T23:26:47.601267174Z	198014	2	1.990050	1.990050	1.492537	0.497512	0.000000	0.000000	98.009950	0.430000	0.720000	0.510000	2	0	2788.001954	1629.001142	3879243776	3106304000	772939776	296648704	66215936	602042368	0	0	0.000000	0.000000	0.000000	0.000000	0	0.000000	58513.041018	58513.041018	67.000047	67.000047	0.000000	0.000000	0.000000	0.000000	0.000000	0.000000	0.000000	0.010000	0.010000
199	2026-09-24T23:26:48.601268885Z	199014	2	1.507538	1.507538	1.507538	0.000000	0.000000	0.000000	98.492462	0.430000	0.720000	0.510000	1	0	2686.995368	1602.997236	3879243776	3106304000	772939776	296648704	66215936	602054656	0	0	0.000000	0.000000	0.000000	0.000000	0	0.000000	58304.899482	58304.899482	62.999891	62.999891	0.000000	0.000000	0.000000	0.000000	0.000000	0.000000	0.000000	0.010000	0.010000
200	2026-09-24T23:26:49.60147386Z	200014	2	2.000000	2.000000	1.500000	0.500000	0.000000	0.000000	98.000000	0.430000	0.720000	0.510000	2	0	2780.430076	1632.665341	3879243776	3106267136	772976640	296648704	66215936	602058752	0	0	0.000000	0.000000	0.000000	0.000000	0	0.000000	58345.040609	58359.037740	63.986884	63.986884	0.000000	0.000000	0.000000	0.000000	0.000000	0.000000	0.000000	0.010000	0.010000
201	2026-09-24T23:26:50.601951813Z	201015	2	2.970297	2.970297	1.980198	0.990099	0.000000	0.000000	97.029703	0.390000	0.710000	0.510000	1	0	2813.655225	1624.223709	3879243776	3106267136	772976640	296648704	66215936	602058752	0	0	0.000000	0.000000	0.000000	16376.173074	0	3.998089	60258.199834	60258.199834	68.967037	68.967037	0.000000	0.000000	0.000000	0.000000	0.000000	0.000000	0.000000	0.010000	0.010000
202	2026-09-24T23:26:51.60127246Z	202014	2	1.507538	1.507538	1.005025	0.502513	0.000000	0.000000	98.492462	0.390000	0.710000	0.510000	2	0	2895.967413	1727.173378	3879243776	3106263040	772980736	296648704	66215936	602066944	0	0	0.000000	0.000000	0.000000	0.000000	0	0.000000	58344.637188	58344.637188	63.042829	63.042829	0.000000	0.000000	0.000000	0.000000	0.000000	0.000000	0.000000	0.010000	0.000000
203	2026-09-24T23:26:52.601268534Z	203014	2	2.475248	2.475248	1.485149	0.990099	0.000000	0.000000	97.524752	0.390000	0.710000	0.510000	1	0	2932.011476	1677.006564	3879243776	3106263040	772980736	296648704	66215936	602071040	0	0	0.000000	0.000000	0.000000	0.000000	0	0.000000	58305.228207	58305.228207	63.000247	63.000247	0.000000	0.000000	0.000000	0.000000	0.000000	0.000000	0.000000	0.010000	0.000000
204	2026-09-24T23:26:53.601269233Z	204014	2	2.487562	2.487562	1.492537	0.995025	0.000000	0.000000	97.512438	0.390000	0.710000	0.510000	1	0	3129.997818	1797.998747	3879243776	3106246656	772997120	296648704	66215936	602075136	0	0	0.000000	0.000000	0.000000	0.000000	0	0.000000	58408.959289	58408.959289	64.999955	64.999955	0.000000	0.000000	0.000000	0.000000	0.000000	0.000000	0.000000	0.000000	0.000000
205	2026-09-24T23:26:54.601268937Z	205014	2	1.010101	1.010101	1.010101	0.000000	0.000000	0.000000	98.989899	0.390000	0.710000	0.510000	1	0	2664.000781	1579.000463	3879243776	3106246656	772997120	296648704	66215936	602079232	0	0	0.000000	0.000000	0.000000	0.000000	0	0.000000	58333.017092	58347.017096	64.000019	64.000019	0.000000	0.000000	0.000000	0.000000	0.000000	0.000000	0.000000	0.000000	0.000000
206	2026-09-24T23:26:55.601268378Z	206014	2	2.487562	2.487562	1.990050	0.497512	0.000000	0.000000	97.512438	0.360000	0.690000	0.510000	1	0	2631.001476	1580.000886	3879243776	3106238464	773005312	296648704	66215936	602091520	0	0	0.000000	0.000000	0.000000	16384.009191	0	4.000002	58305.032709	58305.032709	63.000035	63.000035	0.000000	0.000000	0.000000	0.000000	0.000000	0.000000	0.000000	0.000000	0.000000
207	2026-09-24T23:26:56.601276181Z	207014	2	2.475248	2.475248	1.980198	0.495050	0.000000	0.000000	97.524752	0.360000	0.690000	0.510000	1	0	3041.976254	1814.985832	3879243776	3106238464	773005312	296648704	66215936	602091520	0	0	0.000000	0.000000	0.000000	0.000000	0	0.000000	58380.544281	58394.544172	63.999500	63.999500	0.000000	0.000000	0.000000	0.000000	0.000000	0.000000	0.000000	0.000000	0.000000
208	2026-09-24T23:26:57.60127653Z	208014	2	2.487562	2.487562	0.995025	0.995025	0.000000	0.497512	97.512438	0.360000	0.690000	0.510000	1	0	3095.998929	1768.999388	3879243776	3106234368	773009408	296648704	66215936	602103808	0	0	0.000000	0.000000	0.000000	0.000000	0	0.000000	58304.979826	58304.979826	62.999978	62.999978	0.000000	0.000000	0.000000	0.000000	0.000000	0.000000	0.000000	0.000000	0.000000
209	2026-09-24T23:26:58.601756376Z	209014	2	1.010101	1.010101	1.010101	0.000000	0.000000	0.000000	98.989899	0.360000	0.690000	0.510000	1	0	2950.584174	1710.179377	3879243776	3106234368	773009408	296648704	66215936	602107904	0	0	0.000000	0.000000	0.000000	0.000000	0	0.000000	58277.035997	58277.035997	62.969784	62.969784	0.000000	0.000000	0.000000	0.000000	0.000000	0.000000	0.000000	0.000000	0.000000
210	2026-09-24T23:26:59.601270874Z	210014	2	2.000000	2.000000	1.500000	0.500000	0.000000	0.000000	98.000000	0.360000	0.690000	0.510000	1	0	3060.485869	1791.869955	3879243776	3106234368	773009408	296648704	66215936	602116096	0	0	0.000000	0.000000	0.000000	0.000000	0	0.000000	58333.320886	58333.320886	63.030601	63.030601	0.000000	0.000000	0.000000	0.000000	0.000000	0.000000	0.000000	0.000000	0.000000
211	2026-09-24T23:27:00.601270898Z	211014	2	2.000000	2.000000	1.500000	0.500000	0.000000	0.000000	98.000000	0.410000	0.700000	0.510000	1	0	2979.999967	1689.999981	3879243776	3106209792	773033984	296648704	66215936	602120192	0	0	0.000000	0.000000	0.000000	16383.999820	0	4.000000	60286.999337	60286.999337	68.999999	68.999999	0.000000	0.000000	0.000000	0.000000	0.000000	0.000000	0.000000	0.000000	0.000000
212	2026-09-24T23:27:01.601269385Z	212014	2	1.990050	1.990050	1.492537	0.497512	0.000000	0.000000	98.009950	0.410000	0.700000	0.510000	1	0	2553.003835	1545.002321	3879243776	3106209792	773033984	296648704	66215936	602124288	0	0	0.000000	0.000000	0.000000	0.000000	0	0.000000	58305.087574	58305.087574	63.000095	63.000095	0.000000	0.000000	0.000000	0.000000	0.000000	0.000000	0.000000	0.000000	0.000000
213	2026-09-24T23:27:02.601276702Z	213014	2	2.487562	2.487562	1.990050	0.497512	0.000000	0.000000	97.512438	0.410000	0.700000	0.510000	1	0	2603.980939	1556.988603	3879243776	3106209792	773033984	296648704	66215936	602128384	0	0	0.000000	0.000000	0.000000	0.000000	0	0.000000	58512.571688	58512.571688	66.999510	66.999510	0.000000	0.000000	0.000000	0.000000	0.000000	0.000000	0.000000	0.000000	0.000000
214	2026-09-24T23:27:03.601727036Z	214014	2	1.507538	1.507538	1.005025	0.502513	0.000000	0.000000	98.492462	0.410000	0.700000	0.510000	1	0	3249.536672	1866.159633	3879243776	3106197504	773046272	296648704	66215936	602132480	0	0	0.000000	0.000000	0.000000	0.000000	0	0.000000	58278.755969	58278.755969	62.971643	62.971643	0.000000	0.000000	0.000000	0.000000	0.000000	0.000000	0.000000	0.000000	0.000000
215	2026-09-24T23:27:04.601586757Z	215014	2	1.500000	1.500000	1.000000	0.500000	0.000000	0.000000	98.500000	0.410000	0.700000	0.510000	1	0	2577.361511	1547.217019	3879243776	3106185216	773058560	296648704	66215936	602140672	0	0	0.000000	0.000000	0.000000	0.000000	0	0.000000	58365.186535	58379.188498	64.008978	64.008978	0.000000	0.000000	0.000000	0.000000	0.000000	0.000000	0.000000	0.000000	0.000000
216	2026-09-24T23:27:05.60127056Z	216014	2	2.000000	2.000000	2.000000	0.000000	0.000000	0.000000	98.000000	0.380000	0.690000	0.510000	1	0	2905.918636	1645.520192	3879243776	3106185216	773058560	296648704	66215936	602144768	0	0	0.000000	0.000000	0.000000	16389.181046	0	4.001265	58323.437555	58323.437555	63.019922	63.019922	0.000000	0.000000	0.000000	0.000000	0.000000	0.000000	0.000000	0.000000	0.000000
217	2026-09-24T23:27:06.601438189Z	217014	2	2.000000	2.000000	1.500000	0.500000	0.000000	0.000000	98.000000	0.380000	0.690000	0.510000	1	0	2935.508138	1687.717213	3879243776	3106185216	773058560	296648704	66215936	602152960	0	0	0.000000	0.000000	0.000000	0.000000	0	0.000000	58295.232284	58295.232284	62.989446	62.989446	0.000000	0.000000	0.000000	0.000000	0.000000	0.000000	0.000000	0.000000	0.000000
218	2026-09-24T23:27:07.601387865Z	218014	2	1.990050	1.990050	1.492537	0.497512	0.000000	0.000000	98.009950	0.380000	0.690000	0.510000	1	0	2559.128775	1536.077295	3879243776	3106185216	773058560	296648704	66215936	602161152	0	0	0.000000	0.000000	0.000000	0.000000	0	0.000000	58307.934055	58307.934055	63.003170	63.003170	0.000000	0.000000	0.000000	0.000000	0.000000	0.000000	0.000000	0.000000	0.000000
219	2026-09-24T23:27:08.601270878Z	219014	2	2.487562	2.487562	0.995025	1.492537	0.000000	0.000000	97.512438	0.380000	0.690000	0.510000	1	0	3146.368138	1802.210866	3879243776	3106185216	773058560	296648704	66215936	602165248	0	0	0.000000	0.000000	0.000000	0.000000	0	0.000000	58415.834886	58415.834886	65.007606	65.007606	0.000000	0.000000	0.000000	0.000000	0.000000	0.000000	0.000000	0.000000	0.000000
220	2026-09-24T23:27:09.601270484Z	220014	2	1.507538	1.507538	1.507538	0.000000	0.000000	0.000000	98.492462	0.380000	0.690000	0.510000	1	0	2832.001082	1714.000655	3879243776	3106168832	773074944	296648704	66215936	602165248	0	0	0.000000	0.000000	0.000000	0.000000	0	0.000000	58305.022273	58305.022273	63.000024	63.000024	0.000000	0.000000	0.000000	0.000000	0.000000	0.000000	0.000000	0.000000	0.000000
221	2026-09-24T23:27:10.601266508Z	221014	2	2.487562	2.487562	1.990050	0.497512	0.000000	0.000000	97.512438	0.350000	0.680000	0.500000	1	0	3163.012573	1818.007227	3879243776	3106152448	773091328	296648704	66215936	602177536	0	0	0.000000	0.000000	0.000000	16384.065127	0	4.000016	60287.239642	60287.239642	69.000274	69.000274	0.000000	0.000000	0.000000	0.000000	0.000000	0.000000	0.000000	0.000000	0.000000
222	2026-09-24T23:27:11.601277889Z	222014	2	2.487562	2.487562	1.990050	0.497512	0.000000	0.000000	97.512438	0.350000	0.680000	0.500000	1	0	2863.967348	1692.980698	3879243776	3106152448	773091328	296648704	66215936	602181632	0	0	0.000000	0.000000	0.000000	0.000000	0	0.000000	58304.335272	58304.335272	62.999282	62.999282	0.000000	0.000000	0.000000	0.000000	0.000000	0.000000	0.000000	0.000000	0.000000
223	2026-09-24T23:27:12.601829506Z	223015	2	2.000000	2.000000	1.500000	0.500000	0.000000	0.000000	98.000000	0.350000	0.680000	0.500000	1	0	2960.367070	1739.040750	3879243776	3106152448	773091328	296648704	66215936	602181632	0	0	0.000000	0.000000	0.000000	0.000000	0	0.000000	58348.814969	58362.807251	63.964717	63.964717	0.000000	0.000000	0.000000	0.000000	0.000000	0.000000	0.000000	0.000000	0.000000
224	2026-09-24T23:27:13.601276132Z	224014	2	2.000000	2.000000	1.500000	0.500000	0.000000	0.000000	98.000000	0.350000	0.680000	0.500000	2	0	3179.759638	1833.014366	3879243776	3106140160	773103616	296648704	66215936	602189824	0	0	0.000000	0.000000	0.000000	147537.645415	0	4.002215	58383.308564	58395.315208	64.035436	64.035436	0.000000	0.000000	0.000000	0.000000	0.000000	0.000000	0.000000	0.000000	0.000000
225	2026-09-24T23:27:14.601268717Z	225014	2	2.000000	2.000000	1.500000	0.500000	0.000000	0.000000	98.000000	0.350000	0.680000	0.500000	1	0	3160.023195	1834.013462	3879243776	3106127872	773115904	296648704	66215936	602198016	0	0	0.000000	0.000000	0.000000	0.000000	0	0.000000	58305.427962	58363.428388	63.000462	64.000470	0.000000	0.000000	0.000000	0.000000	0.000000	0.000000	0.000000	0.000000	0.000000
226	2026-09-24T23:27:15.601268366Z	226014	2	2.475248	2.475248	1.980198	0.000000	0.000000	0.495050	97.524752	0.320000	0.660000	0.500000	2	0	2755.000970	1617.000569	3879243776	3106127872	773115904	296648704	66220032	602202112	0	0	0.000000	0.000000	0.000000	49152.017302	0	4.000001	58305.020523	58305.020523	63.000022	63.000022	0.000000	0.000000	0.000000	0.000000	0.000000	0.000000	0.000000	0.000000	0.000000
227	2026-09-24T23:27:16.601267217Z	227014	2	2.487562	2.487562	1.492537	0.995025	0.000000	0.000000	97.512438	0.320000	0.660000	0.500000	1	0	2976.003631	1738.002120	3879243776	3106127872	773115904	296648704	66220032	602210304	0	0	0.000000	0.000000	0.000000	0.000000	0	0.000000	58305.071132	58363.071203	63.000077	64.000078	0.000000	0.000000	0.000000	0.000000	0.000000	0.000000	0.000000	0.000000	0.000000
228	2026-09-24T23:27:17.602224992Z	228015	2	2.487562	2.487562	1.492537	0.995025	0.000000	0.000000	97.512438	0.320000	0.660000	0.500000	1	0	3102.028920	1786.289117	3879243776	3106127872	773115904	296648704	66220032	602222592	0	0	0.000000	0.000000	0.000000	0.000000	0	0.000000	58484.983901	58498.970505	67.934933	67.934933	0.000000	0.000000	0.000000	0.000000	0.000000	0.000000	0.000000	0.000000	0.000000
229	2026-09-24T23:27:18.601771286Z	229014	2	1.507538	1.507538	1.507538	0.000000	0.000000	0.000000	98.492462	0.320000	0.660000	0.500000	1	0	3214.458416	1840.835196	3879243776	3106111488	773132288	296648704	66220032	602222592	0	0	0.000000	0.000000	0.000000	61467.888288	0	4.001816	58331.465277	58331.465277	63.028596	63.028596	0.000000	0.000000	0.000000	0.000000	0.000000	0.000000	0.000000	0.000000	0.000000
230	2026-09-24T23:27:19.601274314Z	230014	2	1.990050	1.990050	1.492537	0.497512	0.000000	0.000000	98.009950	0.320000	0.660000	0.500000	2	0	2589.286844	1591.791101	3879243776	3106111488	773132288	296648704	66220032	602226688	0	0	0.000000	0.000000	0.000000	0.000000	0	0.000000	58386.017150	58400.024111	64.031823	64.031823	0.000000	0.000000	0.000000	0.000000	0.000000	0.000000	0.000000	0.000000	0.000000
231	2026-09-24T23:27:20.601374185Z	231014	2	2.475248	2.970297	1.980198	0.495050	0.495050	0.000000	97.029703	0.290000	0.650000	0.500000	1	0	2967.703565	1722.827912	3879243776	3106091008	773152768	296648704	66220032	602230784	0	0	0.000000	0.000000	0.000000	36860.318133	0	3.999600	60280.978714	60338.972921	68.993108	69.993009	0.000000	0.000000	0.000000	0.000000	0.000000	0.000000	0.000000	0.000000	0.000000
232	2026-09-24T23:27:21.601270273Z	232014	2	2.487562	2.487562	1.492537	0.995025	0.000000	0.000000	97.512438	0.290000	0.650000	0.500000	1	0	2883.299416	1694.175932	3879243776	3106086912	773156864	296648704	66220032	602238976	0	0	0.000000	0.000000	0.000000	40964.253933	0	4.000415	58311.055312	58311.055312	63.006543	63.006543	0.000000	0.000000	0.000000	0.000000	0.000000	0.000000	0.000000	0.000000	0.000000
233	2026-09-24T23:27:22.601269754Z	233014	2	1.507538	1.507538	1.005025	0.502513	0.000000	0.000000	98.492462	0.290000	0.650000	0.500000	1	0	3116.001826	1813.001062	3879243776	3106086912	773156864	296648704	66220032	602243072	0	0	0.000000	0.000000	0.000000	0.000000	0	0.000000	58305.034167	58305.034167	63.000037	63.000037	0.000000	0.000000	0.000000	0.000000	0.000000	0.000000	0.000000	0.000000	0.000000
234	2026-09-24T23:27:23.601270466Z	234014	2	1.507538	1.507538	1.005025	0.502513	0.000000	0.000000	98.492462	0.290000	0.650000	0.500000	1	0	2840.997986	1624.998848	3879243776	3106078720	773165056	296648704	66220032	602247168	0	0	0.000000	0.000000	0.000000	73727.947727	0	3.999997	58408.958588	58408.958588	64.999954	64.999954	0.000000	0.000000	0.000000	0.000000	0.000000	0.000000	0.000000	0.000000	0.000000
235	2026-09-24T23:27:24.601279124Z	235014	2	1.500000	1.500000	1.500000	0.000000	0.000000	0.000000	98.500000	0.290000	0.650000	0.500000	2	0	3183.972242	1813.984186	3879243776	3106066432	773177344	296648704	66220032	602251264	0	0	0.000000	0.000000	0.000000	0.000000	0	0.000000	58304.491701	58304.491701	62.999451	62.999451	0.000000	0.000000	0.000000	0.000000	0.000000	0.000000	0.000000	0.000000	0.000000
236	2026-09-24T23:27:25.601249674Z	236014	2	2.000000	2.000000	1.500000	0.500000	0.000000	0.000000	98.000000	0.270000	0.640000	0.490000	1	0	3071.090625	1789.052793	3879243776	3106066432	773177344	296648704	66220032	602255360	0	0	0.000000	0.000000	0.000000	45057.329597	0	4.000118	58306.720573	58306.720573	63.001859	63.001859	0.000000	0.000000	0.000000	0.000000	0.000000	0.000000	0.000000	0.000000	0.000000
237	2026-09-24T23:27:26.601268877Z	237014	2	2.000000	2.000000	2.000000	0.000000	0.000000	0.000000	98.000000	0.270000	0.640000	0.490000	1	0	3127.939737	1773.965823	3879243776	3106054144	773189632	296648704	66220032	602275840	0	0	0.000000	0.000000	0.000000	0.000000	0	0.000000	58303.876718	58303.876718	62.998786	62.998786	0.000000	0.000000	0.000000	0.000000	0.000000	0.000000	0.000000	0.000000	0.000000
238	2026-09-24T23:27:27.601622156Z	238014	2	2.970297	2.970297	1.980198	0.990099	0.000000	0.000000	97.029703	0.270000	0.640000	0.490000	1	0	2753.027589	1663.412458	3879243776	3106054144	773189632	296648704	66220032	602275840	0	0	0.000000	0.000000	0.000000	0.000000	0	0.000000	58284.413071	58284.413071	62.977755	62.977755	0.000000	0.000000	0.000000	0.000000	0.000000	0.000000	0.000000	0.000000	0.000000
239	2026-09-24T23:27:28.601267345Z	239014	2	2.487562	2.487562	1.990050	0.497512	0.000000	0.000000	97.512438	0.270000	0.640000	0.490000	1	0	2783.987622	1649.585192	3879243776	3106045952	773197824	296648704	66220032	602284032	0	0	0.000000	0.000000	0.000000	61461.803636	0	4.001420	58401.718068	58473.743619	64.022712	65.023067	0.000000	0.000000	0.000000	0.000000	0.000000	0.000000	0.000000	0.000000	0.000000
240	2026-09-24T23:27:29.601583169Z	240014	2	1.500000	1.500000	1.500000	0.000000	0.000000	0.000000	98.500000	0.270000	0.640000	0.490000	1	0	2509.207673	1525.518290	3879243776	3106045952	773197824	296648704	66220032	602284032	0	0	0.000000	0.000000	0.000000	0.000000	0	0.000000	58286.594958	58286.594958	62.980113	62.980113	0.000000	0.000000	0.000000	0.000000	0.000000	0.000000	0.000000	0.000000	0.000000
241	2026-09-24T23:27:30.601274835Z	241014	2	5.500000	5.500000	3.500000	2.000000	0.000000	0.000000	94.500000	0.250000	0.630000	0.490000	1	0	2864.883367	1791.552413	3879243776	3098411008	780832768	303828992	66224128	602722304	0	0	0.000000	0.000000	299100.225461	139306.954324	0	24.007403	200969.967683	336393.724650	204.062921	263.081119	0.000000	0.000000	0.000000	0.000000	0.000000	0.000000	0.000000	0.000000	0.000000
