sample	timestamp	elapsed_ms	captured_waits	capture_error	wait_key	requesting_trx_id	blocking_trx_id	object_schema	object_table	object_index	request_lock_type	request_lock_mode	request_lock_data	blocking_lock_type	blocking_lock_mode	blocking_lock_data	requesting_thread_id	requesting_processlist_id	requesting_sql	blocking_thread_id	blocking_processlist_id	blocking_sql
0	2026-09-24T20:14:42.701240073Z	0	0																			
1	2026-09-24T20:14:42.752272477Z	51	0																			
2	2026-09-24T20:14:42.802833869Z	101	0																			
3	2026-09-24T20:14:42.852397475Z	151	0																			
4	2026-09-24T20:14:42.902899146Z	201	0																			
5	2026-09-24T20:14:42.952405549Z	251	0																			
6	2026-09-24T20:14:43.002986297Z	301	0																			
7	2026-09-24T20:14:43.052530601Z	351	0																			
8	2026-09-24T20:14:43.102988437Z	401	0																			
9	2026-09-24T20:14:43.152414128Z	451	0																			
10	2026-09-24T20:14:43.202979099Z	501	0																			
11	2026-09-24T20:14:43.252412503Z	551	0																			
12	2026-09-24T20:14:43.302934439Z	601	0																			
13	2026-09-24T20:14:43.352470984Z	651	0																			
14	2026-09-24T20:14:43.403063303Z	701	0																			
15	2026-09-24T20:14:43.452529108Z	751	0																			
16	2026-09-24T20:14:43.503029109Z	801	0																			
17	2026-09-24T20:14:43.552470358Z	851	0																			
18	2026-09-24T20:14:43.602953349Z	901	0																			
19	2026-09-24T20:14:43.652467032Z	951	0																			
20	2026-09-24T20:14:43.702992709Z	1001	0																			
21	2026-09-24T20:14:43.752436091Z	1051	0																			
22	2026-09-24T20:14:43.802932573Z	1101	0																			
23	2026-09-24T20:14:43.85241387Z	1151	0																			
24	2026-09-24T20:14:43.902921328Z	1201	0																			
25	2026-09-24T20:14:43.952412078Z	1251	0																			
26	2026-09-24T20:14:44.002900103Z	1301	0																			
27	2026-09-24T20:14:44.052402627Z	1351	0																			
28	2026-09-24T20:14:44.102901642Z	1401	0																			
29	2026-09-24T20:14:44.152406088Z	1451	0																			
30	2026-09-24T20:14:44.202901555Z	1501	0																			
31	2026-09-24T20:14:44.252398687Z	1551	0																			
32	2026-09-24T20:14:44.30297744Z	1601	0																			
33	2026-09-24T20:14:44.352494195Z	1651	0																			
34	2026-09-24T20:14:44.403021935Z	1701	0																			
35	2026-09-24T20:14:44.452484296Z	1751	0																			
36	2026-09-24T20:14:44.503009676Z	1801	0																			
37	2026-09-24T20:14:44.552557161Z	1851	0																			
38	2026-09-24T20:14:44.603104739Z	1901	0																			
39	2026-09-24T20:14:44.652649349Z	1951	0																			
40	2026-09-24T20:14:44.703175395Z	2001	0																			
41	2026-09-24T20:14:44.75262801Z	2051	0																			
42	2026-09-24T20:14:44.803122593Z	2101	0																			
43	2026-09-24T20:14:44.852570609Z	2151	0																			
44	2026-09-24T20:14:44.903088525Z	2201	0																			
45	2026-09-24T20:14:44.952567837Z	2251	0																			
46	2026-09-24T20:14:45.003049927Z	2301	0																			
47	2026-09-24T20:14:45.052563212Z	2351	0																			
48	2026-09-24T20:14:45.103032916Z	2401	0																			
49	2026-09-24T20:14:45.152481042Z	2451	0																			
50	2026-09-24T20:14:45.202973851Z	2501	0																			
51	2026-09-24T20:14:45.252465954Z	2551	0																			
52	2026-09-24T20:14:45.302974073Z	2601	0																			
53	2026-09-24T20:14:45.352419756Z	2651	0																			
54	2026-09-24T20:14:45.402993641Z	2701	0																			
55	2026-09-24T20:14:45.452462591Z	2751	0																			
56	2026-09-24T20:14:45.502983532Z	2801	0																			
57	2026-09-24T20:14:45.552419346Z	2851	0																			
58	2026-09-24T20:14:45.602842361Z	2901	0																			
59	2026-09-24T20:14:45.652349195Z	2951	0																			
60	2026-09-24T20:14:45.702760122Z	3001	0																			
61	2026-09-24T20:14:45.752289161Z	3051	0																			
62	2026-09-24T20:14:45.802759312Z	3101	0																			
63	2026-09-24T20:14:45.852148185Z	3150	0																			
64	2026-09-24T20:14:45.902578127Z	3201	0																			
65	2026-09-24T20:14:45.953117974Z	3251	0																			
66	2026-09-24T20:14:46.002606454Z	3301	0																			
67	2026-09-24T20:14:46.053026089Z	3351	0																			
68	2026-09-24T20:14:46.102526639Z	3401	0																			
69	2026-09-24T20:14:46.153058477Z	3451	0																			
70	2026-09-24T20:14:46.202567013Z	3501	0																			
71	2026-09-24T20:14:46.253072921Z	3551	0																			
72	2026-09-24T20:14:46.302569661Z	3601	0																			
73	2026-09-24T20:14:46.353064887Z	3651	0																			
74	2026-09-24T20:14:46.402516696Z	3701	0																			
75	2026-09-24T20:14:46.45300452Z	3751	0																			
76	2026-09-24T20:14:46.502499786Z	3801	0																			
77	2026-09-24T20:14:46.553002154Z	3851	0																			
78	2026-09-24T20:14:46.60244869Z	3901	0																			
79	2026-09-24T20:14:46.652910009Z	3951	0																			
80	2026-09-24T20:14:46.702372689Z	4001	0																			
81	2026-09-24T20:14:46.752873682Z	4051	0																			
82	2026-09-24T20:14:46.802334283Z	4101	0																			
83	2026-09-24T20:14:46.852871864Z	4151	0																			
84	2026-09-24T20:14:46.902362532Z	4201	0																			
85	2026-09-24T20:14:46.952926361Z	4251	0																			
86	2026-09-24T20:14:47.002447194Z	4301	0																			
87	2026-09-24T20:14:47.05294086Z	4351	0																			
88	2026-09-24T20:14:47.102443034Z	4401	0																			
89	2026-09-24T20:14:47.152936885Z	4451	0																			
90	2026-09-24T20:14:47.202446875Z	4501	0																			
91	2026-09-24T20:14:47.252936904Z	4551	0																			
92	2026-09-24T20:14:47.302436761Z	4601	0																			
93	2026-09-24T20:14:47.352936589Z	4651	0																			
94	2026-09-24T20:14:47.402474599Z	4701	0																			
95	2026-09-24T20:14:47.45299763Z	4751	0																			
96	2026-09-24T20:14:47.502529288Z	4801	0																			
97	2026-09-24T20:14:47.553025046Z	4851	0																			
98	2026-09-24T20:14:47.602457781Z	4901	0																			
99	2026-09-24T20:14:47.653069849Z	4951	0																			
100	2026-09-24T20:14:47.702606144Z	5001	0																			
101	2026-09-24T20:14:47.753104963Z	5051	0																			
102	2026-09-24T20:14:47.802604742Z	5101	0																			
103	2026-09-24T20:14:47.853085365Z	5151	0																			
104	2026-09-24T20:14:47.902606059Z	5201	0																			
105	2026-09-24T20:14:47.953124293Z	5251	0																			
106	2026-09-24T20:14:48.002606703Z	5301	0																			
107	2026-09-24T20:14:48.053085015Z	5351	0																			
108	2026-09-24T20:14:48.102587196Z	5401	0																			
109	2026-09-24T20:14:48.153039973Z	5451	0																			
110	2026-09-24T20:14:48.202547693Z	5501	0																			
111	2026-09-24T20:14:48.25298416Z	5551	0																			
112	2026-09-24T20:14:48.30245405Z	5601	0																			
113	2026-09-24T20:14:48.352962356Z	5651	0																			
114	2026-09-24T20:14:48.40243456Z	5701	0																			
115	2026-09-24T20:14:48.452874671Z	5751	0																			
116	2026-09-24T20:14:48.502375089Z	5801	0																			
117	2026-09-24T20:14:48.552884022Z	5851	0																			
118	2026-09-24T20:14:48.602426593Z	5901	0																			
119	2026-09-24T20:14:48.65293968Z	5951	0																			
120	2026-09-24T20:14:48.702515838Z	6001	0																			
121	2026-09-24T20:14:48.753108966Z	6051	0																			
122	2026-09-24T20:14:48.802665127Z	6101	0																			
123	2026-09-24T20:14:48.852129721Z	6150	0																			
124	2026-09-24T20:14:48.902526152Z	6201	0																			
125	2026-09-24T20:14:48.953073081Z	6251	0																			
126	2026-09-24T20:14:49.00260651Z	6301	0																			
127	2026-09-24T20:14:49.053150892Z	6351	0																			
128	2026-09-24T20:14:49.102717101Z	6401	0																			
129	2026-09-24T20:14:49.152284676Z	6451	0																			
130	2026-09-24T20:14:49.202838487Z	6501	0																			
131	2026-09-24T20:14:49.25241134Z	6551	0																			
132	2026-09-24T20:14:49.303013662Z	6601	0																			
133	2026-09-24T20:14:49.352717639Z	6651	0																			
134	2026-09-24T20:14:49.402380047Z	6701	0																			
135	2026-09-24T20:14:49.453057932Z	6751	0																			
136	2026-09-24T20:14:49.502794271Z	6801	0																			
137	2026-09-24T20:14:49.552601021Z	6851	0																			
138	2026-09-24T20:14:49.602536953Z	6901	0																			
139	2026-09-24T20:14:49.653160003Z	6951	0																			
140	2026-09-24T20:14:49.70283758Z	7001	0																			
141	2026-09-24T20:14:49.752361159Z	7051	0																			
142	2026-09-24T20:14:49.802851144Z	7101	0																			
143	2026-09-24T20:14:49.852414811Z	7151	0																			
144	2026-09-24T20:14:49.903009166Z	7201	0																			
145	2026-09-24T20:14:49.952564675Z	7251	0																			
146	2026-09-24T20:14:50.00308219Z	7301	0																			
147	2026-09-24T20:14:50.052561462Z	7351	0																			
148	2026-09-24T20:14:50.10310628Z	7401	0																			
149	2026-09-24T20:14:50.152648709Z	7451	0																			
150	2026-09-24T20:14:50.203155121Z	7501	0																			
151	2026-09-24T20:14:50.252756015Z	7551	0																			
152	2026-09-24T20:14:50.302358833Z	7601	0																			
153	2026-09-24T20:14:50.352936928Z	7651	0																			
154	2026-09-24T20:14:50.402525812Z	7701	0																			
155	2026-09-24T20:14:50.453113563Z	7751	0																			
156	2026-09-24T20:14:50.502843781Z	7801	0																			
157	2026-09-24T20:14:50.552579959Z	7851	0																			
158	2026-09-24T20:14:50.603154012Z	7901	0																			
159	2026-09-24T20:14:50.652704447Z	7951	0																			
160	2026-09-24T20:14:50.70227254Z	8001	0																			
161	2026-09-24T20:14:50.752817368Z	8051	0																			
162	2026-09-24T20:14:50.8024353Z	8101	0																			
163	2026-09-24T20:14:50.853057552Z	8151	0																			
164	2026-09-24T20:14:50.902777872Z	8201	0																			
165	2026-09-24T20:14:50.952571295Z	8251	0																			
166	2026-09-24T20:14:51.002179907Z	8300	0																			
167	2026-09-24T20:14:51.052900988Z	8351	0																			
168	2026-09-24T20:14:51.102591447Z	8401	0																			
169	2026-09-24T20:14:51.152272494Z	8451	0																			
170	2026-09-24T20:14:51.202954163Z	8501	0																			
171	2026-09-24T20:14:51.252564652Z	8551	0																			
172	2026-09-24T20:14:51.302129272Z	8600	0																			
173	2026-09-24T20:14:51.352812373Z	8651	0																			
174	2026-09-24T20:14:51.402597131Z	8701	0																			
175	2026-09-24T20:14:51.452351094Z	8751	0																			
176	2026-09-24T20:14:51.503080234Z	8801	0																			
177	2026-09-24T20:14:51.552824833Z	8851	0																			
178	2026-09-24T20:14:51.602829104Z	8901	0																			
179	2026-09-24T20:14:51.652748714Z	8951	0																			
180	2026-09-24T20:14:51.702388591Z	9001	0																			
181	2026-09-24T20:14:51.7530418Z	9051	0																			
182	2026-09-24T20:14:51.80262363Z	9101	0																			
183	2026-09-24T20:14:51.852334022Z	9151	0																			
184	2026-09-24T20:14:51.903123617Z	9201	0																			
185	2026-09-24T20:14:51.952877958Z	9251	0																			
186	2026-09-24T20:14:52.0025476Z	9301	0																			
187	2026-09-24T20:14:52.052278661Z	9351	0																			
188	2026-09-24T20:14:52.103135835Z	9401	0																			
189	2026-09-24T20:14:52.152858207Z	9451	0																			
190	2026-09-24T20:14:52.202519865Z	9501	0																			
191	2026-09-24T20:14:52.252169718Z	9550	0																			
192	2026-09-24T20:14:52.302837633Z	9601	0																			
193	2026-09-24T20:14:52.352556398Z	9651	0																			
194	2026-09-24T20:14:52.40222688Z	9700	0																			
195	2026-09-24T20:14:52.452892937Z	9751	0																			
196	2026-09-24T20:14:52.502553285Z	9801	0																			
197	2026-09-24T20:14:52.552275413Z	9851	0																			
198	2026-09-24T20:14:52.603086688Z	9901	0																			
199	2026-09-24T20:14:52.652819434Z	9951	0																			
200	2026-09-24T20:14:52.70250268Z	10001	0																			
201	2026-09-24T20:14:52.752581709Z	10051	0																			
202	2026-09-24T20:14:52.802312539Z	10101	0																			
203	2026-09-24T20:14:52.853079896Z	10151	0																			
204	2026-09-24T20:14:52.902862272Z	10201	0																			
205	2026-09-24T20:14:52.95259069Z	10251	0																			
206	2026-09-24T20:14:53.002349003Z	10301	0																			
207	2026-09-24T20:14:53.052145531Z	10350	0																			
208	2026-09-24T20:14:53.102924192Z	10401	0																			
209	2026-09-24T20:14:53.152654443Z	10451	0																			
210	2026-09-24T20:14:53.20230866Z	10501	0																			
211	2026-09-24T20:14:53.252902464Z	10551	0																			
212	2026-09-24T20:14:53.302604081Z	10601	0																			
213	2026-09-24T20:14:53.352416708Z	10651	0																			
214	2026-09-24T20:14:53.403171124Z	10701	0																			
215	2026-09-24T20:14:53.452889834Z	10751	0																			
216	2026-09-24T20:14:53.502622083Z	10801	0																			
217	2026-09-24T20:14:53.552365899Z	10851	0																			
218	2026-09-24T20:14:53.603106483Z	10901	0																			
219	2026-09-24T20:14:53.652823742Z	10951	0																			
220	2026-09-24T20:14:53.702460096Z	11001	0																			
221	2026-09-24T20:14:53.753041892Z	11051	0																			
222	2026-09-24T20:14:53.802693414Z	11101	0																			
223	2026-09-24T20:14:53.852423434Z	11151	0																			
224	2026-09-24T20:14:53.90308424Z	11201	0																			
225	2026-09-24T20:14:53.952740033Z	11251	0																			
226	2026-09-24T20:14:54.002387363Z	11301	0																			
227	2026-09-24T20:14:54.0531365Z	11351	0																			
228	2026-09-24T20:14:54.102860812Z	11401	0																			
229	2026-09-24T20:14:54.152510783Z	11451	0																			
230	2026-09-24T20:14:54.203153648Z	11501	0																			
231	2026-09-24T20:14:54.252829835Z	11551	0																			
232	2026-09-24T20:14:54.30262095Z	11601	0																			
233	2026-09-24T20:14:54.352363975Z	11651	0																			
234	2026-09-24T20:14:54.403168053Z	11701	0																			
235	2026-09-24T20:14:54.45291466Z	11751	0																			
236	2026-09-24T20:14:54.502705557Z	11801	0																			
237	2026-09-24T20:14:54.552669581Z	11851	0																			
238	2026-09-24T20:14:54.602682771Z	11901	0																			
239	2026-09-24T20:14:54.65274474Z	11951	0																			
240	2026-09-24T20:14:54.70265324Z	12001	0																			
241	2026-09-24T20:14:54.752273868Z	12051	0																			
242	2026-09-24T20:14:54.80291909Z	12101	0																			
243	2026-09-24T20:14:54.852659731Z	12151	0																			
244	2026-09-24T20:14:54.902387329Z	12201	0																			
245	2026-09-24T20:14:54.952138267Z	12250	0																			
246	2026-09-24T20:14:55.002775535Z	12301	0																			
247	2026-09-24T20:14:55.052431619Z	12351	0																			
248	2026-09-24T20:14:55.103175598Z	12401	0																			
249	2026-09-24T20:14:55.152899976Z	12451	0																			
250	2026-09-24T20:14:55.202610998Z	12501	0																			
251	2026-09-24T20:14:55.252335422Z	12551	0																			
252	2026-09-24T20:14:55.302970186Z	12601	0																			
253	2026-09-24T20:14:55.352667503Z	12651	0																			
254	2026-09-24T20:14:55.402371999Z	12701	0																			
255	2026-09-24T20:14:55.453058239Z	12751	0																			
256	2026-09-24T20:14:55.502763799Z	12801	0																			
257	2026-09-24T20:14:55.552473405Z	12851	0																			
258	2026-09-24T20:14:55.602229591Z	12900	0																			
259	2026-09-24T20:14:55.652986939Z	12951	0																			
260	2026-09-24T20:14:55.702953737Z	13001	0																			
261	2026-09-24T20:14:55.752583845Z	13051	0																			
262	2026-09-24T20:14:55.802184243Z	13100	0																			
263	2026-09-24T20:14:55.852885232Z	13151	0																			
264	2026-09-24T20:14:55.902593722Z	13201	0																			
265	2026-09-24T20:14:55.952350172Z	13251	0																			
266	2026-09-24T20:14:56.003012255Z	13301	0																			
267	2026-09-24T20:14:56.052733719Z	13351	0																			
268	2026-09-24T20:14:56.102463312Z	13401	0																			
269	2026-09-24T20:14:56.152131061Z	13450	0																			
270	2026-09-24T20:14:56.202844787Z	13501	0																			
271	2026-09-24T20:14:56.25259584Z	13551	0																			
272	2026-09-24T20:14:56.302131744Z	13600	0																			
273	2026-09-24T20:14:56.352776573Z	13651	0																			
274	2026-09-24T20:14:56.40247133Z	13701	0																			
275	2026-09-24T20:14:56.452271844Z	13751	0																			
276	2026-09-24T20:14:56.502941159Z	13801	0																			
277	2026-09-24T20:14:56.552642734Z	13851	0																			
278	2026-09-24T20:14:56.602511818Z	13901	0																			
279	2026-09-24T20:14:56.65216774Z	13950	0																			
280	2026-09-24T20:14:56.702856649Z	14001	0																			
281	2026-09-24T20:14:56.752558595Z	14051	0																			
282	2026-09-24T20:14:56.802151335Z	14100	0																			
283	2026-09-24T20:14:56.852745985Z	14151	0																			
284	2026-09-24T20:14:56.902468297Z	14201	0																			
285	2026-09-24T20:14:56.952165559Z	14250	0																			
286	2026-09-24T20:14:57.002858742Z	14301	0																			
287	2026-09-24T20:14:57.052507985Z	14351	0																			
288	2026-09-24T20:14:57.102182409Z	14400	0																			
289	2026-09-24T20:14:57.15294983Z	14451	0																			
290	2026-09-24T20:14:57.20267Z	14501	0																			
291	2026-09-24T20:14:57.252276017Z	14551	0																			
292	2026-09-24T20:14:57.302915843Z	14601	0																			
293	2026-09-24T20:14:57.352658294Z	14651	0																			
294	2026-09-24T20:14:57.402377248Z	14701	0																			
295	2026-09-24T20:14:57.453119478Z	14751	0																			
296	2026-09-24T20:14:57.502751697Z	14801	0																			
297	2026-09-24T20:14:57.552574453Z	14851	0																			
298	2026-09-24T20:14:57.602365845Z	14901	0																			
299	2026-09-24T20:14:57.652361925Z	14951	0																			
300	2026-09-24T20:14:57.703016698Z	15001	0																			
301	2026-09-24T20:14:57.75267147Z	15051	0																			
302	2026-09-24T20:14:57.802363925Z	15101	0																			
303	2026-09-24T20:14:57.853134295Z	15151	0																			
304	2026-09-24T20:14:57.902862069Z	15201	0																			
305	2026-09-24T20:14:57.952508246Z	15251	0																			
306	2026-09-24T20:14:58.002306721Z	15301	0																			
307	2026-09-24T20:14:58.053046303Z	15351	0																			
308	2026-09-24T20:14:58.102837249Z	15401	0																			
309	2026-09-24T20:14:58.152500694Z	15451	0																			
310	2026-09-24T20:14:58.202186664Z	15500	0																			
311	2026-09-24T20:14:58.252995717Z	15551	0																			
312	2026-09-24T20:14:58.302765267Z	15601	0																			
313	2026-09-24T20:14:58.352437717Z	15651	0																			
314	2026-09-24T20:14:58.403068329Z	15701	0																			
315	2026-09-24T20:14:58.452663842Z	15751	0																			
316	2026-09-24T20:14:58.502384856Z	15801	0																			
317	2026-09-24T20:14:58.553069288Z	15851	0																			
318	2026-09-24T20:14:58.602999044Z	15901	0																			
319	2026-09-24T20:14:58.652934474Z	15951	0																			
320	2026-09-24T20:14:58.702773103Z	16001	0																			
321	2026-09-24T20:14:58.752499798Z	16051	0																			
322	2026-09-24T20:14:58.802176758Z	16100	0																			
323	2026-09-24T20:14:58.85281095Z	16151	0																			
324	2026-09-24T20:14:58.902511011Z	16201	0																			
325	2026-09-24T20:14:58.952199491Z	16250	0																			
326	2026-09-24T20:14:59.002917184Z	16301	0																			
327	2026-09-24T20:14:59.052646198Z	16351	0																			
328	2026-09-24T20:14:59.102309899Z	16401	0																			
329	2026-09-24T20:14:59.152983518Z	16451	0																			
330	2026-09-24T20:14:59.202725677Z	16501	0																			
331	2026-09-24T20:14:59.252549295Z	16551	0																			
332	2026-09-24T20:14:59.302129839Z	16600	0																			
333	2026-09-24T20:14:59.352825303Z	16651	0																			
334	2026-09-24T20:14:59.402381685Z	16701	0																			
335	2026-09-24T20:14:59.45296198Z	16751	0																			
336	2026-09-24T20:14:59.502553591Z	16801	0																			
337	2026-09-24T20:14:59.552182582Z	16850	0																			
338	2026-09-24T20:14:59.602871138Z	16901	0																			
339	2026-09-24T20:14:59.652738397Z	16951	0																			
340	2026-09-24T20:14:59.702383237Z	17001	0																			
341	2026-09-24T20:14:59.753050207Z	17051	0																			
342	2026-09-24T20:14:59.80275202Z	17101	0																			
343	2026-09-24T20:14:59.852404242Z	17151	0																			
344	2026-09-24T20:14:59.902990666Z	17201	0																			
345	2026-09-24T20:14:59.952708184Z	17251	0																			
346	2026-09-24T20:15:00.002463491Z	17301	0																			
347	2026-09-24T20:15:00.052159846Z	17350	0																			
348	2026-09-24T20:15:00.102910424Z	17401	0																			
349	2026-09-24T20:15:00.152573459Z	17451	0																			
350	2026-09-24T20:15:00.202283869Z	17501	0																			
351	2026-09-24T20:15:00.253050581Z	17551	0																			
352	2026-09-24T20:15:00.302743587Z	17601	0																			
353	2026-09-24T20:15:00.352379346Z	17651	0																			
354	2026-09-24T20:15:00.403100146Z	17701	0																			
355	2026-09-24T20:15:00.45281801Z	17751	0																			
356	2026-09-24T20:15:00.502549091Z	17801	0																			
357	2026-09-24T20:15:00.552185916Z	17850	0																			
358	2026-09-24T20:15:00.602923371Z	17901	0																			
359	2026-09-24T20:15:00.652697507Z	17951	0																			
360	2026-09-24T20:15:00.702326351Z	18001	0																			
361	2026-09-24T20:15:00.752974295Z	18051	0																			
362	2026-09-24T20:15:00.802539096Z	18101	0																			
363	2026-09-24T20:15:00.852175584Z	18150	0																			
364	2026-09-24T20:15:00.902896504Z	18201	0																			
365	2026-09-24T20:15:00.95262661Z	18251	0																			
366	2026-09-24T20:15:01.002341708Z	18301	0																			
367	2026-09-24T20:15:01.053141262Z	18351	0																			
368	2026-09-24T20:15:01.102847002Z	18401	0																			
369	2026-09-24T20:15:01.152645939Z	18451	0																			
370	2026-09-24T20:15:01.202276151Z	18501	0																			
371	2026-09-24T20:15:01.252984161Z	18551	0																			
372	2026-09-24T20:15:01.302763726Z	18601	0																			
373	2026-09-24T20:15:01.352431199Z	18651	0																			
374	2026-09-24T20:15:01.403071085Z	18701	0																			
375	2026-09-24T20:15:01.452793212Z	18751	0																			
376	2026-09-24T20:15:01.502462546Z	18801	0																			
377	2026-09-24T20:15:01.553143509Z	18851	0																			
378	2026-09-24T20:15:01.602852816Z	18901	0																			
379	2026-09-24T20:15:01.65288655Z	18951	0																			
380	2026-09-24T20:15:01.702835376Z	19001	0																			
381	2026-09-24T20:15:01.752515424Z	19051	0																			
382	2026-09-24T20:15:01.802228795Z	19100	0																			
383	2026-09-24T20:15:01.852967026Z	19151	0																			
384	2026-09-24T20:15:01.902832704Z	19201	0																			
385	2026-09-24T20:15:01.952746958Z	19251	0																			
386	2026-09-24T20:15:02.002606785Z	19301	0																			
387	2026-09-24T20:15:02.052518865Z	19351	0																			
388	2026-09-24T20:15:02.102309717Z	19401	0																			
389	2026-09-24T20:15:02.153138806Z	19451	0																			
390	2026-09-24T20:15:02.202871849Z	19501	0																			
391	2026-09-24T20:15:02.252571099Z	19551	0																			
392	2026-09-24T20:15:02.302183421Z	19600	0																			
393	2026-09-24T20:15:02.352806839Z	19651	0																			
394	2026-09-24T20:15:02.402466855Z	19701	0																			
395	2026-09-24T20:15:02.452130914Z	19750	0																			
396	2026-09-24T20:15:02.502827455Z	19801	0																			
397	2026-09-24T20:15:02.552363466Z	19851	0																			
398	2026-09-24T20:15:02.602888043Z	19901	0																			
399	2026-09-24T20:15:02.652430335Z	19951	0																			
400	2026-09-24T20:15:02.702934053Z	20001	0																			
401	2026-09-24T20:15:02.753135249Z	20051	0																			
402	2026-09-24T20:15:02.802701745Z	20101	0																			
403	2026-09-24T20:15:02.852352376Z	20151	0																			
404	2026-09-24T20:15:02.903016642Z	20201	0																			
405	2026-09-24T20:15:02.952725603Z	20251	0																			
406	2026-09-24T20:15:03.002385808Z	20301	0																			
407	2026-09-24T20:15:03.053027322Z	20351	0																			
408	2026-09-24T20:15:03.102625293Z	20401	0																			
409	2026-09-24T20:15:03.152159722Z	20450	0																			
410	2026-09-24T20:15:03.202625954Z	20501	0																			
411	2026-09-24T20:15:03.253187046Z	20551	0																			
412	2026-09-24T20:15:03.302750054Z	20601	0																			
413	2026-09-24T20:15:03.35242081Z	20651	0																			
414	2026-09-24T20:15:03.403174538Z	20701	0																			
415	2026-09-24T20:15:03.452980727Z	20751	0																			
416	2026-09-24T20:15:03.502597748Z	20801	0																			
417	2026-09-24T20:15:03.553166261Z	20851	0																			
418	2026-09-24T20:15:03.602836377Z	20901	0																			
419	2026-09-24T20:15:03.652554147Z	20951	0																			
420	2026-09-24T20:15:03.702366976Z	21001	0																			
421	2026-09-24T20:15:03.753064097Z	21051	0																			
422	2026-09-24T20:15:03.802703636Z	21101	0																			
423	2026-09-24T20:15:03.852426744Z	21151	0																			
424	2026-09-24T20:15:03.90309302Z	21201	0																			
425	2026-09-24T20:15:03.952714822Z	21251	0																			
426	2026-09-24T20:15:04.002344229Z	21301	0																			
427	2026-09-24T20:15:04.053047511Z	21351	0																			
428	2026-09-24T20:15:04.102778542Z	21401	0																			
429	2026-09-24T20:15:04.152504632Z	21451	0																			
430	2026-09-24T20:15:04.203199315Z	21501	0																			
431	2026-09-24T20:15:04.253072511Z	21551	0																			
432	2026-09-24T20:15:04.302869241Z	21601	0																			
433	2026-09-24T20:15:04.352728794Z	21651	0																			
434	2026-09-24T20:15:04.402511521Z	21701	0																			
435	2026-09-24T20:15:04.453131263Z	21751	0																			
436	2026-09-24T20:15:04.502855058Z	21801	0																			
437	2026-09-24T20:15:04.552561902Z	21851	0																			
438	2026-09-24T20:15:04.602229711Z	21900	0																			
439	2026-09-24T20:15:04.652891721Z	21951	0																			
440	2026-09-24T20:15:04.702515469Z	22001	0																			
441	2026-09-24T20:15:04.75318849Z	22051	0																			
442	2026-09-24T20:15:04.802894485Z	22101	0																			
443	2026-09-24T20:15:04.852657712Z	22151	0																			
444	2026-09-24T20:15:04.902445172Z	22201	0																			
445	2026-09-24T20:15:04.95308449Z	22251	0																			
446	2026-09-24T20:15:05.002675801Z	22301	0																			
447	2026-09-24T20:15:05.052266617Z	22351	0																			
448	2026-09-24T20:15:05.102833701Z	22401	0																			
449	2026-09-24T20:15:05.152402047Z	22451	0																			
450	2026-09-24T20:15:05.203001152Z	22501	0																			
451	2026-09-24T20:15:05.252714633Z	22551	0																			
452	2026-09-24T20:15:05.302439319Z	22601	0																			
453	2026-09-24T20:15:05.352268113Z	22651	0																			
454	2026-09-24T20:15:05.402932016Z	22701	0																			
455	2026-09-24T20:15:05.452713807Z	22751	0																			
456	2026-09-24T20:15:05.502483111Z	22801	0																			
457	2026-09-24T20:15:05.552132724Z	22850	0																			
458	2026-09-24T20:15:05.602827798Z	22901	0																			
459	2026-09-24T20:15:05.652508536Z	22951	0																			
460	2026-09-24T20:15:05.703021873Z	23001	0																			
461	2026-09-24T20:15:05.752658502Z	23051	0																			
462	2026-09-24T20:15:05.802279886Z	23101	0																			
463	2026-09-24T20:15:05.852973753Z	23151	0																			
464	2026-09-24T20:15:05.902701038Z	23201	0																			
465	2026-09-24T20:15:05.952428383Z	23251	0																			
466	2026-09-24T20:15:06.003146744Z	23301	0																			
467	2026-09-24T20:15:06.052957803Z	23351	0																			
468	2026-09-24T20:15:06.102700066Z	23401	0																			
469	2026-09-24T20:15:06.152346159Z	23451	0																			
470	2026-09-24T20:15:06.203070689Z	23501	0																			
471	2026-09-24T20:15:06.252822625Z	23551	0																			
472	2026-09-24T20:15:06.302728987Z	23601	0																			
473	2026-09-24T20:15:06.352496742Z	23651	0																			
474	2026-09-24T20:15:06.403145824Z	23701	0																			
475	2026-09-24T20:15:06.452893858Z	23751	0																			
476	2026-09-24T20:15:06.502538985Z	23801	0																			
477	2026-09-24T20:15:06.55219099Z	23850	0																			
478	2026-09-24T20:15:06.602867039Z	23901	0																			
479	2026-09-24T20:15:06.65258701Z	23951	0																			
480	2026-09-24T20:15:06.702173644Z	24000	0																			
481	2026-09-24T20:15:06.752824686Z	24051	0																			
482	2026-09-24T20:15:06.802528376Z	24101	0																			
483	2026-09-24T20:15:06.852179915Z	24150	0																			
484	2026-09-24T20:15:06.902855787Z	24201	0																			
485	2026-09-24T20:15:06.952561035Z	24251	0																			
486	2026-09-24T20:15:07.002311569Z	24301	0																			
487	2026-09-24T20:15:07.052974299Z	24351	0																			
488	2026-09-24T20:15:07.102624176Z	24401	0																			
489	2026-09-24T20:15:07.152355519Z	24451	0																			
490	2026-09-24T20:15:07.203111249Z	24501	0																			
491	2026-09-24T20:15:07.252823694Z	24551	0																			
492	2026-09-24T20:15:07.302512552Z	24601	0																			
493	2026-09-24T20:15:07.352133228Z	24650	0																			
494	2026-09-24T20:15:07.402862188Z	24701	0																			
495	2026-09-24T20:15:07.452585424Z	24751	0																			
496	2026-09-24T20:15:07.502277256Z	24801	0																			
497	2026-09-24T20:15:07.552836764Z	24851	0																			
498	2026-09-24T20:15:07.602467552Z	24901	0																			
499	2026-09-24T20:15:07.653134523Z	24951	0																			
500	2026-09-24T20:15:07.702832084Z	25001	0																			
501	2026-09-24T20:15:07.753137913Z	25051	0																			
502	2026-09-24T20:15:07.802839241Z	25101	0																			
503	2026-09-24T20:15:07.852510698Z	25151	0																			
504	2026-09-24T20:15:07.903144374Z	25201	0																			
505	2026-09-24T20:15:07.95287761Z	25251	0																			
506	2026-09-24T20:15:08.002604251Z	25301	0																			
507	2026-09-24T20:15:08.05231726Z	25351	0																			
508	2026-09-24T20:15:08.103012028Z	25401	0																			
509	2026-09-24T20:15:08.152755552Z	25451	0																			
510	2026-09-24T20:15:08.202462766Z	25501	0																			
511	2026-09-24T20:15:08.253169316Z	25551	0																			
512	2026-09-24T20:15:08.302843108Z	25601	0																			
513	2026-09-24T20:15:08.352588075Z	25651	0																			
514	2026-09-24T20:15:08.40231181Z	25701	0																			
515	2026-09-24T20:15:08.453008192Z	25751	0																			
516	2026-09-24T20:15:08.502628679Z	25801	0																			
517	2026-09-24T20:15:08.552276418Z	25851	0																			
518	2026-09-24T20:15:08.602939326Z	25901	0																			
519	2026-09-24T20:15:08.652786964Z	25951	0																			
520	2026-09-24T20:15:08.702386618Z	26001	0																			
521	2026-09-24T20:15:08.753003161Z	26051	0																			
522	2026-09-24T20:15:08.80252673Z	26101	0																			
523	2026-09-24T20:15:08.853117682Z	26151	0																			
524	2026-09-24T20:15:08.902740997Z	26201	0																			
525	2026-09-24T20:15:08.952423163Z	26251	0																			
526	2026-09-24T20:15:09.003013672Z	26301	0																			
527	2026-09-24T20:15:09.05265386Z	26351	0																			
528	2026-09-24T20:15:09.102170863Z	26400	0																			
529	2026-09-24T20:15:09.152881056Z	26451	0																			
530	2026-09-24T20:15:09.202482433Z	26501	0																			
531	2026-09-24T20:15:09.253130891Z	26551	0																			
532	2026-09-24T20:15:09.303132303Z	26601	0																			
533	2026-09-24T20:15:09.352787703Z	26651	0																			
534	2026-09-24T20:15:09.402588147Z	26701	0																			
535	2026-09-24T20:15:09.452434944Z	26751	0																			
536	2026-09-24T20:15:09.502159476Z	26800	0																			
537	2026-09-24T20:15:09.553102883Z	26851	0																			
538	2026-09-24T20:15:09.602831623Z	26901	0																			
539	2026-09-24T20:15:09.652577679Z	26951	0																			
540	2026-09-24T20:15:09.702233625Z	27000	0																			
541	2026-09-24T20:15:09.752982265Z	27051	0																			
542	2026-09-24T20:15:09.802711671Z	27101	0																			
543	2026-09-24T20:15:09.852490487Z	27151	0																			
544	2026-09-24T20:15:09.902184489Z	27200	0																			
545	2026-09-24T20:15:09.952890093Z	27251	0																			
546	2026-09-24T20:15:10.002464977Z	27301	0																			
547	2026-09-24T20:15:10.053052095Z	27351	0																			
548	2026-09-24T20:15:10.102610546Z	27401	0																			
549	2026-09-24T20:15:10.152146121Z	27450	0																			
550	2026-09-24T20:15:10.202705113Z	27501	0																			
551	2026-09-24T20:15:10.25226627Z	27551	0																			
552	2026-09-24T20:15:10.302896462Z	27601	0																			
553	2026-09-24T20:15:10.352479845Z	27651	0																			
554	2026-09-24T20:15:10.403045178Z	27701	0																			
555	2026-09-24T20:15:10.452577658Z	27751	0																			
556	2026-09-24T20:15:10.503148559Z	27801	0																			
557	2026-09-24T20:15:10.552666668Z	27851	0																			
558	2026-09-24T20:15:10.602317354Z	27901	0																			
559	2026-09-24T20:15:10.652854868Z	27951	0																			
560	2026-09-24T20:15:10.702387696Z	28001	0																			
561	2026-09-24T20:15:10.752979101Z	28051	0																			
562	2026-09-24T20:15:10.802529313Z	28101	0																			
563	2026-09-24T20:15:10.853049792Z	28151	0																			
564	2026-09-24T20:15:10.902537934Z	28201	0																			
565	2026-09-24T20:15:10.953047867Z	28251	0																			
566	2026-09-24T20:15:11.002540192Z	28301	0																			
567	2026-09-24T20:15:11.053048013Z	28351	0																			
568	2026-09-24T20:15:11.102520623Z	28401	0																			
569	2026-09-24T20:15:11.153024387Z	28451	0																			
570	2026-09-24T20:15:11.202539713Z	28501	0																			
571	2026-09-24T20:15:11.253072348Z	28551	0																			
572	2026-09-24T20:15:11.302615325Z	28601	0																			
573	2026-09-24T20:15:11.35213161Z	28650	0																			
574	2026-09-24T20:15:11.402733154Z	28701	0																			
575	2026-09-24T20:15:11.452265969Z	28751	0																			
576	2026-09-24T20:15:11.502762757Z	28801	0																			
577	2026-09-24T20:15:11.552149961Z	28850	0																			
578	2026-09-24T20:15:11.602742109Z	28901	0																			
579	2026-09-24T20:15:11.652408189Z	28951	0																			
580	2026-09-24T20:15:11.702961873Z	29001	0																			
581	2026-09-24T20:15:11.752407067Z	29051	0																			
582	2026-09-24T20:15:11.80291779Z	29101	0																			
583	2026-09-24T20:15:11.852421657Z	29151	0																			
584	2026-09-24T20:15:11.902914357Z	29201	0																			
585	2026-09-24T20:15:11.952412456Z	29251	0																			
586	2026-09-24T20:15:12.002956674Z	29301	0																			
587	2026-09-24T20:15:12.05240697Z	29351	0																			
588	2026-09-24T20:15:12.102920702Z	29401	0																			
589	2026-09-24T20:15:12.152446898Z	29451	0																			
590	2026-09-24T20:15:12.202986767Z	29501	0																			
591	2026-09-24T20:15:12.252496423Z	29551	0																			
592	2026-09-24T20:15:12.302958617Z	29601	0																			
593	2026-09-24T20:15:12.352393246Z	29651	0																			
594	2026-09-24T20:15:12.40290853Z	29701	0																			
595	2026-09-24T20:15:12.452415065Z	29751	0																			
596	2026-09-24T20:15:12.502920241Z	29801	0																			
597	2026-09-24T20:15:12.552413501Z	29851	0																			
598	2026-09-24T20:15:12.602904976Z	29901	0																			
599	2026-09-24T20:15:12.652403108Z	29951	0																			
600	2026-09-24T20:15:12.702916824Z	30001	0																			
601	2026-09-24T20:15:12.753141592Z	30051	0																			
602	2026-09-24T20:15:12.802651601Z	30101	0																			
603	2026-09-24T20:15:12.853102106Z	30151	0																			
604	2026-09-24T20:15:12.902600889Z	30201	0																			
605	2026-09-24T20:15:12.953107269Z	30251	0																			
606	2026-09-24T20:15:13.002600797Z	30301	0																			
607	2026-09-24T20:15:13.053096921Z	30351	0																			
608	2026-09-24T20:15:13.102531125Z	30401	0																			
609	2026-09-24T20:15:13.153042182Z	30451	0																			
610	2026-09-24T20:15:13.202456146Z	30501	0																			
611	2026-09-24T20:15:13.252971296Z	30551	0																			
612	2026-09-24T20:15:13.302451119Z	30601	0																			
613	2026-09-24T20:15:13.352934477Z	30651	0																			
614	2026-09-24T20:15:13.402439233Z	30701	0																			
615	2026-09-24T20:15:13.45297151Z	30751	0																			
616	2026-09-24T20:15:13.502457856Z	30801	0																			
617	2026-09-24T20:15:13.552990371Z	30851	0																			
618	2026-09-24T20:15:13.602458367Z	30901	0																			
619	2026-09-24T20:15:13.652907818Z	30951	0																			
620	2026-09-24T20:15:13.702406531Z	31001	0																			
621	2026-09-24T20:15:13.752873205Z	31051	0																			
622	2026-09-24T20:15:13.802372685Z	31101	0																			
623	2026-09-24T20:15:13.852900893Z	31151	0																			
624	2026-09-24T20:15:13.902432784Z	31201	0																			
625	2026-09-24T20:15:13.952874835Z	31251	0																			
626	2026-09-24T20:15:14.002385474Z	31301	0																			
627	2026-09-24T20:15:14.052875352Z	31351	0																			
628	2026-09-24T20:15:14.102305894Z	31401	0																			
629	2026-09-24T20:15:14.153048988Z	31451	0																			
630	2026-09-24T20:15:14.202776482Z	31501	0																			
631	2026-09-24T20:15:14.252545054Z	31551	0																			
632	2026-09-24T20:15:14.302191194Z	31600	0																			
633	2026-09-24T20:15:14.352987149Z	31651	0																			
634	2026-09-24T20:15:14.402689501Z	31701	0																			
635	2026-09-24T20:15:14.45242487Z	31751	0																			
636	2026-09-24T20:15:14.502152074Z	31800	0																			
637	2026-09-24T20:15:14.552884465Z	31851	0																			
638	2026-09-24T20:15:14.602622918Z	31901	0																			
639	2026-09-24T20:15:14.652339384Z	31951	0																			
640	2026-09-24T20:15:14.702907472Z	32001	0																			
641	2026-09-24T20:15:14.752416687Z	32051	0																			
642	2026-09-24T20:15:14.802945644Z	32101	0																			
643	2026-09-24T20:15:14.852474206Z	32151	0																			
644	2026-09-24T20:15:14.902974493Z	32201	0																			
645	2026-09-24T20:15:14.952485035Z	32251	0																			
646	2026-09-24T20:15:15.002986277Z	32301	0																			
647	2026-09-24T20:15:15.052485147Z	32351	0																			
648	2026-09-24T20:15:15.10298585Z	32401	0																			
649	2026-09-24T20:15:15.152486379Z	32451	0																			
650	2026-09-24T20:15:15.202987718Z	32501	0																			
651	2026-09-24T20:15:15.252513652Z	32551	0																			
652	2026-09-24T20:15:15.302988771Z	32601	0																			
653	2026-09-24T20:15:15.35251786Z	32651	0																			
654	2026-09-24T20:15:15.40305174Z	32701	0																			
655	2026-09-24T20:15:15.452565439Z	32751	0																			
656	2026-09-24T20:15:15.503076836Z	32801	0																			
657	2026-09-24T20:15:15.552563268Z	32851	0																			
658	2026-09-24T20:15:15.603021212Z	32901	0																			
659	2026-09-24T20:15:15.652494293Z	32951	0																			
660	2026-09-24T20:15:15.703006724Z	33001	0																			
661	2026-09-24T20:15:15.752520854Z	33051	0																			
662	2026-09-24T20:15:15.803016067Z	33101	0																			
663	2026-09-24T20:15:15.852543112Z	33151	0																			
664	2026-09-24T20:15:15.9030461Z	33201	0																			
665	2026-09-24T20:15:15.952559236Z	33251	0																			
666	2026-09-24T20:15:16.003069265Z	33301	0																			
667	2026-09-24T20:15:16.052563513Z	33351	0																			
668	2026-09-24T20:15:16.102984616Z	33401	0																			
669	2026-09-24T20:15:16.152482289Z	33451	0																			
670	2026-09-24T20:15:16.202990189Z	33501	0																			
671	2026-09-24T20:15:16.252488433Z	33551	0																			
672	2026-09-24T20:15:16.302938398Z	33601	0																			
673	2026-09-24T20:15:16.35242655Z	33651	0																			
674	2026-09-24T20:15:16.402866056Z	33701	0																			
675	2026-09-24T20:15:16.452395085Z	33751	0																			
676	2026-09-24T20:15:16.502830477Z	33801	0																			
677	2026-09-24T20:15:16.552274634Z	33851	0																			
678	2026-09-24T20:15:16.602748224Z	33901	0																			
679	2026-09-24T20:15:16.652252388Z	33951	0																			
680	2026-09-24T20:15:16.70275181Z	34001	0																			
681	2026-09-24T20:15:16.75226096Z	34051	0																			
682	2026-09-24T20:15:16.802757801Z	34101	0																			
683	2026-09-24T20:15:16.852253458Z	34151	0																			
684	2026-09-24T20:15:16.902742977Z	34201	0																			
685	2026-09-24T20:15:16.952189343Z	34250	0																			
686	2026-09-24T20:15:17.002673332Z	34301	0																			
687	2026-09-24T20:15:17.053103181Z	34351	0																			
688	2026-09-24T20:15:17.102600469Z	34401	0																			
689	2026-09-24T20:15:17.153107352Z	34451	0																			
690	2026-09-24T20:15:17.202603149Z	34501	0																			
691	2026-09-24T20:15:17.252128829Z	34550	0																			
692	2026-09-24T20:15:17.302611843Z	34601	0																			
693	2026-09-24T20:15:17.353085226Z	34651	0																			
694	2026-09-24T20:15:17.402593789Z	34701	0																			
695	2026-09-24T20:15:17.453111884Z	34751	0																			
696	2026-09-24T20:15:17.50261456Z	34801	0																			
697	2026-09-24T20:15:17.553158489Z	34851	0																			
698	2026-09-24T20:15:17.602597021Z	34901	0																			
699	2026-09-24T20:15:17.653087871Z	34951	0																			
700	2026-09-24T20:15:17.702605658Z	35001	0																			
701	2026-09-24T20:15:17.753118656Z	35051	0																			
702	2026-09-24T20:15:17.802597298Z	35101	0																			
703	2026-09-24T20:15:17.853104192Z	35151	0																			
704	2026-09-24T20:15:17.902579105Z	35201	0																			
705	2026-09-24T20:15:17.953094304Z	35251	0																			
706	2026-09-24T20:15:18.002602614Z	35301	0																			
707	2026-09-24T20:15:18.053106184Z	35351	0																			
708	2026-09-24T20:15:18.102523887Z	35401	0																			
709	2026-09-24T20:15:18.15301187Z	35451	0																			
710	2026-09-24T20:15:18.202526622Z	35501	0																			
711	2026-09-24T20:15:18.252973664Z	35551	0																			
712	2026-09-24T20:15:18.302452802Z	35601	0																			
713	2026-09-24T20:15:18.352947366Z	35651	0																			
714	2026-09-24T20:15:18.402480489Z	35701	0																			
715	2026-09-24T20:15:18.453010293Z	35751	0																			
716	2026-09-24T20:15:18.50249527Z	35801	0																			
717	2026-09-24T20:15:18.552958308Z	35851	0																			
718	2026-09-24T20:15:18.602457625Z	35901	0																			
719	2026-09-24T20:15:18.652937363Z	35951	0																			
720	2026-09-24T20:15:18.702449462Z	36001	0																			
721	2026-09-24T20:15:18.75288768Z	36051	0																			
722	2026-09-24T20:15:18.802397144Z	36101	0																			
723	2026-09-24T20:15:18.852900777Z	36151	0																			
724	2026-09-24T20:15:18.902353351Z	36201	0																			
725	2026-09-24T20:15:18.952897204Z	36251	0																			
726	2026-09-24T20:15:19.002405812Z	36301	0																			
727	2026-09-24T20:15:19.05293656Z	36351	0																			
728	2026-09-24T20:15:19.102378034Z	36401	0																			
729	2026-09-24T20:15:19.152845773Z	36451	0																			
730	2026-09-24T20:15:19.202377943Z	36501	0																			
731	2026-09-24T20:15:19.252923996Z	36551	0																			
732	2026-09-24T20:15:19.302447585Z	36601	0																			
733	2026-09-24T20:15:19.353039381Z	36651	0																			
734	2026-09-24T20:15:19.402608463Z	36701	0																			
735	2026-09-24T20:15:19.452126749Z	36750	0																			
736	2026-09-24T20:15:19.502677368Z	36801	0																			
737	2026-09-24T20:15:19.553162278Z	36851	0																			
738	2026-09-24T20:15:19.60267234Z	36901	0																			
739	2026-09-24T20:15:19.652136736Z	36950	0																			
740	2026-09-24T20:15:19.702665815Z	37001	0																			
741	2026-09-24T20:15:19.753084069Z	37051	0																			
742	2026-09-24T20:15:19.802519564Z	37101	0																			
743	2026-09-24T20:15:19.852951074Z	37151	0																			
744	2026-09-24T20:15:19.902460827Z	37201	0																			
745	2026-09-24T20:15:19.952968923Z	37251	0																			
746	2026-09-24T20:15:20.002373512Z	37301	0																			
747	2026-09-24T20:15:20.052860361Z	37351	0																			
748	2026-09-24T20:15:20.10231244Z	37401	0																			
749	2026-09-24T20:15:20.152756802Z	37451	0																			
750	2026-09-24T20:15:20.202225259Z	37500	0																			
751	2026-09-24T20:15:20.252690893Z	37551	0																			
752	2026-09-24T20:15:20.302141702Z	37600	0																			
753	2026-09-24T20:15:20.352731679Z	37651	0																			
754	2026-09-24T20:15:20.40227776Z	37701	0																			
755	2026-09-24T20:15:20.452789382Z	37751	0																			
756	2026-09-24T20:15:20.502187523Z	37800	0																			
757	2026-09-24T20:15:20.552657605Z	37851	0																			
758	2026-09-24T20:15:20.603155358Z	37901	0																			
759	2026-09-24T20:15:20.652657472Z	37951	0																			
760	2026-09-24T20:15:20.703164655Z	38001	0																			
761	2026-09-24T20:15:20.752667949Z	38051	0																			
762	2026-09-24T20:15:20.803125742Z	38101	0																			
763	2026-09-24T20:15:20.852623429Z	38151	0																			
764	2026-09-24T20:15:20.903140475Z	38201	0																			
765	2026-09-24T20:15:20.952637576Z	38251	0																			
766	2026-09-24T20:15:21.003122219Z	38301	0																			
767	2026-09-24T20:15:21.05256315Z	38351	0																			
768	2026-09-24T20:15:21.103070737Z	38401	0																			
769	2026-09-24T20:15:21.152582808Z	38451	0																			
770	2026-09-24T20:15:21.203083821Z	38501	0																			
771	2026-09-24T20:15:21.252563747Z	38551	0																			
772	2026-09-24T20:15:21.30307291Z	38601	0																			
773	2026-09-24T20:15:21.352487919Z	38651	0																			
774	2026-09-24T20:15:21.402910252Z	38701	0																			
775	2026-09-24T20:15:21.452406812Z	38751	0																			
776	2026-09-24T20:15:21.502817992Z	38801	0																			
777	2026-09-24T20:15:21.552189566Z	38850	0																			
778	2026-09-24T20:15:21.602681512Z	38901	0																			
779	2026-09-24T20:15:21.652134416Z	38950	0																			
780	2026-09-24T20:15:21.702628889Z	39001	0																			
781	2026-09-24T20:15:21.753126241Z	39051	0																			
782	2026-09-24T20:15:21.802606341Z	39101	0																			
783	2026-09-24T20:15:21.853011312Z	39151	0																			
784	2026-09-24T20:15:21.902505887Z	39201	0																			
785	2026-09-24T20:15:21.953105351Z	39251	0																			
786	2026-09-24T20:15:22.002692249Z	39301	0																			
787	2026-09-24T20:15:22.052252243Z	39351	0																			
788	2026-09-24T20:15:22.102682423Z	39401	0																			
789	2026-09-24T20:15:22.152137402Z	39450	0																			
790	2026-09-24T20:15:22.202679095Z	39501	0																			
791	2026-09-24T20:15:22.252172479Z	39550	0																			
792	2026-09-24T20:15:22.302736639Z	39601	0																			
793	2026-09-24T20:15:22.35216213Z	39650	0																			
794	2026-09-24T20:15:22.402665031Z	39701	0																			
795	2026-09-24T20:15:22.453118056Z	39751	0																			
796	2026-09-24T20:15:22.50253098Z	39801	0																			
797	2026-09-24T20:15:22.55301309Z	39851	0																			
798	2026-09-24T20:15:22.602527626Z	39901	0																			
799	2026-09-24T20:15:22.653029256Z	39951	0																			
800	2026-09-24T20:15:22.702546093Z	40001	0																			
801	2026-09-24T20:15:22.752704164Z	40051	0																			
802	2026-09-24T20:15:22.80217173Z	40100	0																			
803	2026-09-24T20:15:22.852699837Z	40151	0																			
804	2026-09-24T20:15:22.902142665Z	40200	0																			
805	2026-09-24T20:15:22.9526499Z	40251	0																			
806	2026-09-24T20:15:23.003062352Z	40301	0																			
807	2026-09-24T20:15:23.052493595Z	40351	0																			
808	2026-09-24T20:15:23.102993413Z	40401	0																			
809	2026-09-24T20:15:23.152412319Z	40451	0																			
810	2026-09-24T20:15:23.20291691Z	40501	0																			
811	2026-09-24T20:15:23.252489017Z	40551	0																			
812	2026-09-24T20:15:23.302958156Z	40601	0																			
813	2026-09-24T20:15:23.352399638Z	40651	0																			
814	2026-09-24T20:15:23.402906238Z	40701	0																			
815	2026-09-24T20:15:23.4524084Z	40751	0																			
816	2026-09-24T20:15:23.502827694Z	40801	0																			
817	2026-09-24T20:15:23.552338351Z	40851	0																			
818	2026-09-24T20:15:23.602833023Z	40901	0																			
819	2026-09-24T20:15:23.652266632Z	40951	0																			
820	2026-09-24T20:15:23.702674344Z	41001	0																			
821	2026-09-24T20:15:23.753084028Z	41051	0																			
822	2026-09-24T20:15:23.802595965Z	41101	0																			
823	2026-09-24T20:15:23.853085305Z	41151	0																			
824	2026-09-24T20:15:23.902534406Z	41201	0																			
825	2026-09-24T20:15:23.953032401Z	41251	0																			
826	2026-09-24T20:15:24.002526171Z	41301	0																			
827	2026-09-24T20:15:24.053044749Z	41351	0																			
828	2026-09-24T20:15:24.102552501Z	41401	0																			
829	2026-09-24T20:15:24.153085434Z	41451	0																			
830	2026-09-24T20:15:24.202607866Z	41501	0																			
831	2026-09-24T20:15:24.253099536Z	41551	0																			
832	2026-09-24T20:15:24.302754157Z	41601	0																			
833	2026-09-24T20:15:24.352370903Z	41651	0																			
834	2026-09-24T20:15:24.403064602Z	41701	0																			
835	2026-09-24T20:15:24.45271593Z	41751	0																			
836	2026-09-24T20:15:24.502345098Z	41801	0																			
837	2026-09-24T20:15:24.553119432Z	41851	0																			
838	2026-09-24T20:15:24.602790911Z	41901	0																			
839	2026-09-24T20:15:24.652474187Z	41951	0																			
840	2026-09-24T20:15:24.703098607Z	42001	0																			
841	2026-09-24T20:15:24.752713348Z	42051	0																			
842	2026-09-24T20:15:24.802179485Z	42100	0																			
843	2026-09-24T20:15:24.852708953Z	42151	0																			
844	2026-09-24T20:15:24.902160717Z	42200	0																			
845	2026-09-24T20:15:24.952570625Z	42251	0																			
846	2026-09-24T20:15:25.002986386Z	42301	0																			
847	2026-09-24T20:15:25.052472321Z	42351	0																			
848	2026-09-24T20:15:25.102957435Z	42401	0																			
849	2026-09-24T20:15:25.152398609Z	42451	0																			
850	2026-09-24T20:15:25.202948812Z	42501	0																			
851	2026-09-24T20:15:25.252471484Z	42551	0																			
852	2026-09-24T20:15:25.30301144Z	42601	0																			
853	2026-09-24T20:15:25.352544878Z	42651	0																			
854	2026-09-24T20:15:25.403069305Z	42701	0																			
855	2026-09-24T20:15:25.452590493Z	42751	0																			
856	2026-09-24T20:15:25.503111191Z	42801	0																			
857	2026-09-24T20:15:25.552572893Z	42851	0																			
858	2026-09-24T20:15:25.603087172Z	42901	0																			
859	2026-09-24T20:15:25.652567538Z	42951	0																			
860	2026-09-24T20:15:25.703054776Z	43001	0																			
861	2026-09-24T20:15:25.752568937Z	43051	0																			
862	2026-09-24T20:15:25.803091746Z	43101	0																			
863	2026-09-24T20:15:25.852595111Z	43151	0																			
864	2026-09-24T20:15:25.903091396Z	43201	0																			
865	2026-09-24T20:15:25.952572099Z	43251	0																			
866	2026-09-24T20:15:26.003114219Z	43301	0																			
867	2026-09-24T20:15:26.052635106Z	43351	0																			
868	2026-09-24T20:15:26.103122167Z	43401	0																			
869	2026-09-24T20:15:26.152655746Z	43451	0																			
870	2026-09-24T20:15:26.203143871Z	43501	0																			
871	2026-09-24T20:15:26.252684437Z	43551	0																			
872	2026-09-24T20:15:26.302141096Z	43600	0																			
873	2026-09-24T20:15:26.352698408Z	43651	0																			
874	2026-09-24T20:15:26.402160156Z	43700	0																			
875	2026-09-24T20:15:26.452690429Z	43751	0																			
876	2026-09-24T20:15:26.502133702Z	43800	0																			
877	2026-09-24T20:15:26.55257836Z	43851	0																			
878	2026-09-24T20:15:26.603078469Z	43901	0																			
879	2026-09-24T20:15:26.652488835Z	43951	0																			
880	2026-09-24T20:15:26.702974019Z	44001	0																			
881	2026-09-24T20:15:26.752477326Z	44051	0																			
882	2026-09-24T20:15:26.802912646Z	44101	0																			
883	2026-09-24T20:15:26.852418093Z	44151	0																			
884	2026-09-24T20:15:26.902897508Z	44201	0																			
885	2026-09-24T20:15:26.952336144Z	44251	0																			
886	2026-09-24T20:15:27.002835496Z	44301	0																			
887	2026-09-24T20:15:27.052337387Z	44351	0																			
888	2026-09-24T20:15:27.102823145Z	44401	0																			
889	2026-09-24T20:15:27.15232443Z	44451	0																			
890	2026-09-24T20:15:27.20284565Z	44501	0																			
891	2026-09-24T20:15:27.252344456Z	44551	0																			
892	2026-09-24T20:15:27.302840799Z	44601	0																			
893	2026-09-24T20:15:27.352343164Z	44651	0																			
894	2026-09-24T20:15:27.40284287Z	44701	0																			
895	2026-09-24T20:15:27.452335808Z	44751	0																			
896	2026-09-24T20:15:27.502842912Z	44801	0																			
897	2026-09-24T20:15:27.552338142Z	44851	0																			
898	2026-09-24T20:15:27.602762985Z	44901	0																			
899	2026-09-24T20:15:27.652268097Z	44951	0																			
900	2026-09-24T20:15:27.70276862Z	45001	0																			
901	2026-09-24T20:15:27.752261633Z	45051	0																			
902	2026-09-24T20:15:27.802770468Z	45101	0																			
903	2026-09-24T20:15:27.852258434Z	45151	0																			
904	2026-09-24T20:15:27.902747962Z	45201	0																			
905	2026-09-24T20:15:27.952242891Z	45251	0																			
906	2026-09-24T20:15:28.002759285Z	45301	0																			
907	2026-09-24T20:15:28.052328102Z	45351	0																			
908	2026-09-24T20:15:28.102762018Z	45401	0																			
909	2026-09-24T20:15:28.152147983Z	45450	0																			
910	2026-09-24T20:15:28.20268209Z	45501	0																			
911	2026-09-24T20:15:28.252155921Z	45550	0																			
912	2026-09-24T20:15:28.302662469Z	45601	0																			
913	2026-09-24T20:15:28.353167966Z	45651	0																			
914	2026-09-24T20:15:28.402695601Z	45701	0																			
915	2026-09-24T20:15:28.453142062Z	45751	0																			
916	2026-09-24T20:15:28.502584366Z	45801	0																			
917	2026-09-24T20:15:28.553080557Z	45851	0																			
918	2026-09-24T20:15:28.602604375Z	45901	0																			
919	2026-09-24T20:15:28.653087751Z	45951	0																			
920	2026-09-24T20:15:28.702643814Z	46001	0																			
921	2026-09-24T20:15:28.753158475Z	46051	0																			
922	2026-09-24T20:15:28.802668573Z	46101	0																			
923	2026-09-24T20:15:28.852130089Z	46150	0																			
924	2026-09-24T20:15:28.902703014Z	46201	0																			
925	2026-09-24T20:15:28.952185272Z	46250	0																			
926	2026-09-24T20:15:29.002749454Z	46301	0																			
927	2026-09-24T20:15:29.052313948Z	46351	0																			
928	2026-09-24T20:15:29.102900861Z	46401	0																			
929	2026-09-24T20:15:29.152466746Z	46451	0																			
930	2026-09-24T20:15:29.203076081Z	46501	0																			
931	2026-09-24T20:15:29.252700036Z	46551	0																			
932	2026-09-24T20:15:29.302315067Z	46601	0																			
933	2026-09-24T20:15:29.35286131Z	46651	0																			
934	2026-09-24T20:15:29.402437898Z	46701	0																			
935	2026-09-24T20:15:29.452994355Z	46751	0																			
936	2026-09-24T20:15:29.502518059Z	46801	0																			
937	2026-09-24T20:15:29.553002618Z	46851	0																			
938	2026-09-24T20:15:29.602453874Z	46901	0																			
939	2026-09-24T20:15:29.652951963Z	46951	0																			
940	2026-09-24T20:15:29.702464215Z	47001	0																			
941	2026-09-24T20:15:29.752933678Z	47051	0																			
942	2026-09-24T20:15:29.802377922Z	47101	0																			
943	2026-09-24T20:15:29.85287349Z	47151	0																			
944	2026-09-24T20:15:29.902297532Z	47201	0																			
945	2026-09-24T20:15:29.952721831Z	47251	0																			
946	2026-09-24T20:15:30.002176472Z	47300	0																			
947	2026-09-24T20:15:30.052723666Z	47351	0																			
948	2026-09-24T20:15:30.102219006Z	47400	0																			
949	2026-09-24T20:15:30.1527402Z	47451	0																			
950	2026-09-24T20:15:30.202182782Z	47500	0																			
951	2026-09-24T20:15:30.252683197Z	47551	0																			
952	2026-09-24T20:15:30.30230707Z	47601	0																			
953	2026-09-24T20:15:30.35290511Z	47651	0																			
954	2026-09-24T20:15:30.402502218Z	47701	0																			
955	2026-09-24T20:15:30.453023721Z	47751	0																			
956	2026-09-24T20:15:30.502533104Z	47801	0																			
957	2026-09-24T20:15:30.553009475Z	47851	0																			
958	2026-09-24T20:15:30.602507278Z	47901	0																			
959	2026-09-24T20:15:30.653010985Z	47951	0																			
960	2026-09-24T20:15:30.702531753Z	48001	0																			
961	2026-09-24T20:15:30.752973943Z	48051	0																			
962	2026-09-24T20:15:30.802418914Z	48101	0																			
963	2026-09-24T20:15:30.852874782Z	48151	0																			
964	2026-09-24T20:15:30.902372172Z	48201	0																			
965	2026-09-24T20:15:30.952881337Z	48251	0																			
966	2026-09-24T20:15:31.002374901Z	48301	0																			
967	2026-09-24T20:15:31.052913061Z	48351	0																			
968	2026-09-24T20:15:31.102413686Z	48401	0																			
969	2026-09-24T20:15:31.152927831Z	48451	0																			
970	2026-09-24T20:15:31.20245271Z	48501	0																			
971	2026-09-24T20:15:31.252900657Z	48551	0																			
972	2026-09-24T20:15:31.302376692Z	48601	0																			
973	2026-09-24T20:15:31.352930964Z	48651	0																			
974	2026-09-24T20:15:31.402454691Z	48701	0																			
975	2026-09-24T20:15:31.452950967Z	48751	0																			
976	2026-09-24T20:15:31.502374093Z	48801	0																			
977	2026-09-24T20:15:31.552875736Z	48851	0																			
978	2026-09-24T20:15:31.602369671Z	48901	0																			
979	2026-09-24T20:15:31.652879421Z	48951	0																			
980	2026-09-24T20:15:31.702376892Z	49001	0																			
981	2026-09-24T20:15:31.752799508Z	49051	0																			
982	2026-09-24T20:15:31.802282267Z	49101	0																			
983	2026-09-24T20:15:31.852785143Z	49151	0																			
984	2026-09-24T20:15:31.902175938Z	49200	0																			
985	2026-09-24T20:15:31.952685907Z	49251	0																			
986	2026-09-24T20:15:32.002179264Z	49300	0																			
987	2026-09-24T20:15:32.05271901Z	49351	0																			
988	2026-09-24T20:15:32.10222176Z	49400	0																			
989	2026-09-24T20:15:32.152713599Z	49451	0																			
990	2026-09-24T20:15:32.202129267Z	49500	0																			
991	2026-09-24T20:15:32.252726178Z	49551	0																			
992	2026-09-24T20:15:32.302225601Z	49600	0																			
993	2026-09-24T20:15:32.35276818Z	49651	0																			
994	2026-09-24T20:15:32.402306246Z	49701	0																			
995	2026-09-24T20:15:32.452836965Z	49751	0																			
996	2026-09-24T20:15:32.502298378Z	49801	0																			
997	2026-09-24T20:15:32.552715019Z	49851	0																			
998	2026-09-24T20:15:32.602218183Z	49900	0																			
999	2026-09-24T20:15:32.652647276Z	49951	0																			
1000	2026-09-24T20:15:32.702127732Z	50000	0																			
1001	2026-09-24T20:15:32.752340153Z	50051	0																			
1002	2026-09-24T20:15:32.802854049Z	50101	0																			
1003	2026-09-24T20:15:32.852350529Z	50151	0																			
1004	2026-09-24T20:15:32.902823744Z	50201	0																			
1005	2026-09-24T20:15:32.952265287Z	50251	0																			
1006	2026-09-24T20:15:33.002681817Z	50301	0																			
1007	2026-09-24T20:15:33.052131997Z	50350	0																			
1008	2026-09-24T20:15:33.102597694Z	50401	0																			
1009	2026-09-24T20:15:33.153010799Z	50451	0																			
1010	2026-09-24T20:15:33.202513773Z	50501	0																			
1011	2026-09-24T20:15:33.252952687Z	50551	0																			
1012	2026-09-24T20:15:33.302416478Z	50601	0																			
1013	2026-09-24T20:15:33.352935711Z	50651	0																			
1014	2026-09-24T20:15:33.402454745Z	50701	0																			
1015	2026-09-24T20:15:33.452936535Z	50751	0																			
1016	2026-09-24T20:15:33.502438722Z	50801	0																			
1017	2026-09-24T20:15:33.552932225Z	50851	0																			
1018	2026-09-24T20:15:33.602370982Z	50901	0																			
1019	2026-09-24T20:15:33.652875315Z	50951	0																			
1020	2026-09-24T20:15:33.702373852Z	51001	0																			
1021	2026-09-24T20:15:33.752872827Z	51051	0																			
1022	2026-09-24T20:15:33.802375127Z	51101	0																			
1023	2026-09-24T20:15:33.852874929Z	51151	0																			
1024	2026-09-24T20:15:33.902299507Z	51201	0																			
1025	2026-09-24T20:15:33.952741468Z	51251	0																			
1026	2026-09-24T20:15:34.002170177Z	51300	0																			
1027	2026-09-24T20:15:34.052636784Z	51351	0																			
1028	2026-09-24T20:15:34.103064083Z	51401	0																			
1029	2026-09-24T20:15:34.152583668Z	51451	0																			
1030	2026-09-24T20:15:34.203099838Z	51501	0																			
1031	2026-09-24T20:15:34.252559776Z	51551	0																			
1032	2026-09-24T20:15:34.303094984Z	51601	0																			
1033	2026-09-24T20:15:34.352562027Z	51651	0																			
1034	2026-09-24T20:15:34.403082393Z	51701	0																			
1035	2026-09-24T20:15:34.452574933Z	51751	0																			
1036	2026-09-24T20:15:34.503081812Z	51801	0																			
1037	2026-09-24T20:15:34.552574475Z	51851	0																			
1038	2026-09-24T20:15:34.603079876Z	51901	0																			
1039	2026-09-24T20:15:34.652561546Z	51951	0																			
1040	2026-09-24T20:15:34.703063117Z	52001	0																			
1041	2026-09-24T20:15:34.752498996Z	52051	0																			
1042	2026-09-24T20:15:34.803005182Z	52101	0																			
1043	2026-09-24T20:15:34.852513523Z	52151	0																			
1044	2026-09-24T20:15:34.902938934Z	52201	0																			
1045	2026-09-24T20:15:34.952437369Z	52251	0																			
1046	2026-09-24T20:15:35.002910746Z	52301	0																			
1047	2026-09-24T20:15:35.05239958Z	52351	0																			
1048	2026-09-24T20:15:35.102895851Z	52401	0																			
1049	2026-09-24T20:15:35.152392881Z	52451	0																			
1050	2026-09-24T20:15:35.202902078Z	52501	0																			
1051	2026-09-24T20:15:35.252423527Z	52551	0																			
1052	2026-09-24T20:15:35.302904665Z	52601	0																			
1053	2026-09-24T20:15:35.352427494Z	52651	0																			
1054	2026-09-24T20:15:35.40291075Z	52701	0																			
1055	2026-09-24T20:15:35.452418128Z	52751	0																			
1056	2026-09-24T20:15:35.50286764Z	52801	0																			
1057	2026-09-24T20:15:35.552335221Z	52851	0																			
1058	2026-09-24T20:15:35.602829484Z	52901	0																			
1059	2026-09-24T20:15:35.652326347Z	52951	0																			
1060	2026-09-24T20:15:35.702822813Z	53001	0																			
1061	2026-09-24T20:15:35.752328898Z	53051	0																			
1062	2026-09-24T20:15:35.802844133Z	53101	0																			
1063	2026-09-24T20:15:35.852337615Z	53151	0																			
1064	2026-09-24T20:15:35.902836958Z	53201	0																			
1065	2026-09-24T20:15:35.952354109Z	53251	0																			
1066	2026-09-24T20:15:36.002875037Z	53301	0																			
1067	2026-09-24T20:15:36.052419494Z	53351	0																			
1068	2026-09-24T20:15:36.102974153Z	53401	0																			
1069	2026-09-24T20:15:36.152573233Z	53451	0																			
1070	2026-09-24T20:15:36.203104182Z	53501	0																			
1071	2026-09-24T20:15:36.252648444Z	53551	0																			
1072	2026-09-24T20:15:36.302149194Z	53600	0																			
1073	2026-09-24T20:15:36.352635585Z	53651	0																			
1074	2026-09-24T20:15:36.403147079Z	53701	0																			
1075	2026-09-24T20:15:36.452652785Z	53751	0																			
1076	2026-09-24T20:15:36.503127984Z	53801	0																			
1077	2026-09-24T20:15:36.552620204Z	53851	0																			
1078	2026-09-24T20:15:36.603125413Z	53901	0																			
1079	2026-09-24T20:15:36.652635499Z	53951	0																			
1080	2026-09-24T20:15:36.703129462Z	54001	0																			
1081	2026-09-24T20:15:36.752633701Z	54051	0																			
1082	2026-09-24T20:15:36.803127399Z	54101	0																			
1083	2026-09-24T20:15:36.852624515Z	54151	0																			
1084	2026-09-24T20:15:36.903066057Z	54201	0																			
1085	2026-09-24T20:15:36.952555351Z	54251	0																			
1086	2026-09-24T20:15:37.002190693Z	54300	0																			
1087	2026-09-24T20:15:37.052710726Z	54351	0																			
1088	2026-09-24T20:15:37.102143034Z	54400	0																			
1089	2026-09-24T20:15:37.15264667Z	54451	0																			
1090	2026-09-24T20:15:37.203072683Z	54501	0																			
1091	2026-09-24T20:15:37.252604707Z	54551	0																			
1092	2026-09-24T20:15:37.303074094Z	54601	0																			
1093	2026-09-24T20:15:37.352563723Z	54651	0																			
1094	2026-09-24T20:15:37.403085115Z	54701	0																			
1095	2026-09-24T20:15:37.452546509Z	54751	0																			
1096	2026-09-24T20:15:37.503049664Z	54801	0																			
1097	2026-09-24T20:15:37.55248703Z	54851	0																			
1098	2026-09-24T20:15:37.602932954Z	54901	0																			
1099	2026-09-24T20:15:37.652336162Z	54951	0																			
1100	2026-09-24T20:15:37.702760187Z	55001	0																			
1101	2026-09-24T20:15:37.752160333Z	55050	0																			
1102	2026-09-24T20:15:37.802605745Z	55101	0																			
1103	2026-09-24T20:15:37.853010168Z	55151	0																			
1104	2026-09-24T20:15:37.902507198Z	55201	0																			
1105	2026-09-24T20:15:37.953000328Z	55251	0																			
1106	2026-09-24T20:15:38.002495005Z	55301	0																			
1107	2026-09-24T20:15:38.053008774Z	55351	0																			
1108	2026-09-24T20:15:38.102521913Z	55401	0																			
1109	2026-09-24T20:15:38.153024291Z	55451	0																			
1110	2026-09-24T20:15:38.202558864Z	55501	0																			
1111	2026-09-24T20:15:38.253015316Z	55551	0																			
1112	2026-09-24T20:15:38.302604832Z	55601	0																			
1113	2026-09-24T20:15:38.353086657Z	55651	0																			
1114	2026-09-24T20:15:38.402599789Z	55701	0																			
1115	2026-09-24T20:15:38.453151946Z	55751	0																			
1116	2026-09-24T20:15:38.502677808Z	55801	0																			
1117	2026-09-24T20:15:38.552151031Z	55850	0																			
1118	2026-09-24T20:15:38.602664638Z	55901	0																			
1119	2026-09-24T20:15:38.652154386Z	55950	0																			
1120	2026-09-24T20:15:38.702545477Z	56001	0																			
1121	2026-09-24T20:15:38.752991867Z	56051	0																			
1122	2026-09-24T20:15:38.802382788Z	56101	0																			
1123	2026-09-24T20:15:38.852859743Z	56151	0																			
1124	2026-09-24T20:15:38.902364451Z	56201	0																			
1125	2026-09-24T20:15:38.952873999Z	56251	0																			
1126	2026-09-24T20:15:39.002379785Z	56301	0																			
1127	2026-09-24T20:15:39.052874837Z	56351	0																			
1128	2026-09-24T20:15:39.102301088Z	56401	0																			
1129	2026-09-24T20:15:39.152785439Z	56451	0																			
1130	2026-09-24T20:15:39.202306181Z	56501	0																			
1131	2026-09-24T20:15:39.252883142Z	56551	0																			
1132	2026-09-24T20:15:39.30263446Z	56601	0																			
1133	2026-09-24T20:15:39.352278836Z	56651	0																			
1134	2026-09-24T20:15:39.402914668Z	56701	0																			
1135	2026-09-24T20:15:39.452574266Z	56751	0																			
1136	2026-09-24T20:15:39.502221557Z	56800	0																			
1137	2026-09-24T20:15:39.55292188Z	56851	0																			
1138	2026-09-24T20:15:39.602603204Z	56901	0																			
1139	2026-09-24T20:15:39.652355738Z	56951	0																			
1140	2026-09-24T20:15:39.702994676Z	57001	0																			
1141	2026-09-24T20:15:39.752613995Z	57051	0																			
1142	2026-09-24T20:15:39.802280401Z	57101	0																			
1143	2026-09-24T20:15:39.852951983Z	57151	0																			
1144	2026-09-24T20:15:39.902606447Z	57201	0																			
1145	2026-09-24T20:15:39.952143086Z	57250	0																			
1146	2026-09-24T20:15:40.00273961Z	57301	0																			
1147	2026-09-24T20:15:40.052291183Z	57351	0																			
1148	2026-09-24T20:15:40.102821739Z	57401	0																			
1149	2026-09-24T20:15:40.152345106Z	57451	0																			
1150	2026-09-24T20:15:40.202924683Z	57501	0																			
1151	2026-09-24T20:15:40.252532716Z	57551	0																			
1152	2026-09-24T20:15:40.303073139Z	57601	0																			
1153	2026-09-24T20:15:40.352583233Z	57651	0																			
1154	2026-09-24T20:15:40.403081727Z	57701	0																			
1155	2026-09-24T20:15:40.452645062Z	57751	0																			
1156	2026-09-24T20:15:40.503183909Z	57801	0																			
1157	2026-09-24T20:15:40.552696162Z	57851	0																			
1158	2026-09-24T20:15:40.603149721Z	57901	0																			
1159	2026-09-24T20:15:40.652569092Z	57951	0																			
1160	2026-09-24T20:15:40.703046937Z	58001	0																			
1161	2026-09-24T20:15:40.752563882Z	58051	0																			
1162	2026-09-24T20:15:40.802973438Z	58101	0																			
1163	2026-09-24T20:15:40.85248807Z	58151	0																			
1164	2026-09-24T20:15:40.903043169Z	58201	0																			
1165	2026-09-24T20:15:40.952570506Z	58251	0																			
1166	2026-09-24T20:15:41.003060872Z	58301	0																			
1167	2026-09-24T20:15:41.052554064Z	58351	0																			
1168	2026-09-24T20:15:41.103044946Z	58401	0																			
1169	2026-09-24T20:15:41.152548643Z	58451	0																			
1170	2026-09-24T20:15:41.203075805Z	58501	0																			
1171	2026-09-24T20:15:41.252577916Z	58551	0																			
1172	2026-09-24T20:15:41.302137318Z	58600	0																			
1173	2026-09-24T20:15:41.352792324Z	58651	0																			
1174	2026-09-24T20:15:41.402369359Z	58701	0																			
1175	2026-09-24T20:15:41.452955967Z	58751	0																			
1176	2026-09-24T20:15:41.502447976Z	58801	0																			
1177	2026-09-24T20:15:41.552951729Z	58851	0																			
1178	2026-09-24T20:15:41.60243954Z	58901	0																			
1179	2026-09-24T20:15:41.652936235Z	58951	0																			
1180	2026-09-24T20:15:41.702372607Z	59001	0																			
1181	2026-09-24T20:15:41.752824568Z	59051	0																			
1182	2026-09-24T20:15:41.802321167Z	59101	0																			
1183	2026-09-24T20:15:41.852842261Z	59151	0																			
1184	2026-09-24T20:15:41.902302541Z	59201	0																			
1185	2026-09-24T20:15:41.952834659Z	59251	0																			
1186	2026-09-24T20:15:42.002356048Z	59301	0																			
1187	2026-09-24T20:15:42.052798267Z	59351	0																			
1188	2026-09-24T20:15:42.102297758Z	59401	0																			
1189	2026-09-24T20:15:42.152761948Z	59451	0																			
1190	2026-09-24T20:15:42.202226612Z	59500	0																			
1191	2026-09-24T20:15:42.25283222Z	59551	0																			
1192	2026-09-24T20:15:42.302419848Z	59601	0																			
1193	2026-09-24T20:15:42.352948875Z	59651	0																			
1194	2026-09-24T20:15:42.402452459Z	59701	0																			
1195	2026-09-24T20:15:42.452986411Z	59751	0																			
1196	2026-09-24T20:15:42.502449974Z	59801	0																			
1197	2026-09-24T20:15:42.553011861Z	59851	0																			
1198	2026-09-24T20:15:42.602504228Z	59901	0																			
1199	2026-09-24T20:15:42.653021182Z	59951	0																			
1200	2026-09-24T20:15:42.702531735Z	60001	0																			
1201	2026-09-24T20:15:42.752713992Z	60051	0																			
1202	2026-09-24T20:15:42.803178734Z	60101	0																			
1203	2026-09-24T20:15:42.852682692Z	60151	0																			
1204	2026-09-24T20:15:42.903166422Z	60201	0																			
1205	2026-09-24T20:15:42.952570497Z	60251	0																			
1206	2026-09-24T20:15:43.003074437Z	60301	0																			
1207	2026-09-24T20:15:43.052562062Z	60351	0																			
1208	2026-09-24T20:15:43.103047635Z	60401	0																			
1209	2026-09-24T20:15:43.152554817Z	60451	0																			
1210	2026-09-24T20:15:43.203052157Z	60501	0																			
1211	2026-09-24T20:15:43.252558944Z	60551	0																			
1212	2026-09-24T20:15:43.303052471Z	60601	0																			
1213	2026-09-24T20:15:43.352554612Z	60651	0																			
1214	2026-09-24T20:15:43.403062185Z	60701	0																			
1215	2026-09-24T20:15:43.452554387Z	60751	0																			
1216	2026-09-24T20:15:43.503041531Z	60801	0																			
1217	2026-09-24T20:15:43.552511283Z	60851	0																			
1218	2026-09-24T20:15:43.603042008Z	60901	0																			
1219	2026-09-24T20:15:43.652547404Z	60951	0																			
1220	2026-09-24T20:15:43.703045982Z	61001	0																			
1221	2026-09-24T20:15:43.752561845Z	61051	0																			
1222	2026-09-24T20:15:43.803053126Z	61101	0																			
1223	2026-09-24T20:15:43.852551947Z	61151	0																			
1224	2026-09-24T20:15:43.90298761Z	61201	0																			
1225	2026-09-24T20:15:43.952493435Z	61251	0																			
1226	2026-09-24T20:15:44.002973469Z	61301	0																			
1227	2026-09-24T20:15:44.052473634Z	61351	0																			
1228	2026-09-24T20:15:44.10296867Z	61401	0																			
1229	2026-09-24T20:15:44.152416194Z	61451	0																			
1230	2026-09-24T20:15:44.202830968Z	61501	0																			
1231	2026-09-24T20:15:44.252396345Z	61551	0																			
1232	2026-09-24T20:15:44.303043578Z	61601	0																			
1233	2026-09-24T20:15:44.352585005Z	61651	0																			
1234	2026-09-24T20:15:44.403041888Z	61701	0																			
1235	2026-09-24T20:15:44.45256237Z	61751	0																			
1236	2026-09-24T20:15:44.503057994Z	61801	0																			
1237	2026-09-24T20:15:44.552560004Z	61851	0																			
1238	2026-09-24T20:15:44.603071407Z	61901	0																			
1239	2026-09-24T20:15:44.652562026Z	61951	0																			
1240	2026-09-24T20:15:44.703047466Z	62001	0																			
1241	2026-09-24T20:15:44.752564201Z	62051	0																			
1242	2026-09-24T20:15:44.802971605Z	62101	0																			
1243	2026-09-24T20:15:44.852418313Z	62151	0																			
1244	2026-09-24T20:15:44.902834808Z	62201	0																			
1245	2026-09-24T20:15:44.952263445Z	62251	0																			
1246	2026-09-24T20:15:45.002682666Z	62301	0																			
1247	2026-09-24T20:15:45.052171027Z	62350	0																			
1248	2026-09-24T20:15:45.102762683Z	62401	0																			
1249	2026-09-24T20:15:45.15233837Z	62451	0																			
1250	2026-09-24T20:15:45.202916859Z	62501	0																			
1251	2026-09-24T20:15:45.252499483Z	62551	0																			
1252	2026-09-24T20:15:45.303065483Z	62601	0																			
1253	2026-09-24T20:15:45.352562136Z	62651	0																			
1254	2026-09-24T20:15:45.403096649Z	62701	0																			
1255	2026-09-24T20:15:45.452621056Z	62751	0																			
1256	2026-09-24T20:15:45.503146669Z	62801	0																			
1257	2026-09-24T20:15:45.552653466Z	62851	0																			
1258	2026-09-24T20:15:45.603115995Z	62901	0																			
1259	2026-09-24T20:15:45.652631628Z	62951	0																			
1260	2026-09-24T20:15:45.703064893Z	63001	0																			
1261	2026-09-24T20:15:45.752602373Z	63051	0																			
1262	2026-09-24T20:15:45.803064251Z	63101	0																			
1263	2026-09-24T20:15:45.852495117Z	63151	0																			
1264	2026-09-24T20:15:45.902898227Z	63201	0																			
1265	2026-09-24T20:15:45.952417299Z	63251	0																			
1266	2026-09-24T20:15:46.002834099Z	63301	0																			
1267	2026-09-24T20:15:46.052337509Z	63351	0																			
1268	2026-09-24T20:15:46.102837563Z	63401	0																			
1269	2026-09-24T20:15:46.152323587Z	63451	0																			
1270	2026-09-24T20:15:46.202766512Z	63501	0																			
1271	2026-09-24T20:15:46.252263707Z	63551	0																			
1272	2026-09-24T20:15:46.302823035Z	63601	0																			
1273	2026-09-24T20:15:46.352341447Z	63651	0																			
1274	2026-09-24T20:15:46.402823213Z	63701	0																			
1275	2026-09-24T20:15:46.452335339Z	63751	0																			
1276	2026-09-24T20:15:46.502756581Z	63801	0																			
1277	2026-09-24T20:15:46.552330452Z	63851	0																			
1278	2026-09-24T20:15:46.602946046Z	63901	0																			
1279	2026-09-24T20:15:46.652531115Z	63951	0																			
1280	2026-09-24T20:15:46.703129352Z	64001	0																			
1281	2026-09-24T20:15:46.752711697Z	64051	0																			
1282	2026-09-24T20:15:46.80229979Z	64101	0																			
1283	2026-09-24T20:15:46.852902015Z	64151	0																			
1284	2026-09-24T20:15:46.9024588Z	64201	0																			
1285	2026-09-24T20:15:46.952938816Z	64251	0																			
1286	2026-09-24T20:15:47.002445344Z	64301	0																			
1287	2026-09-24T20:15:47.052942422Z	64351	0																			
1288	2026-09-24T20:15:47.102378204Z	64401	0																			
1289	2026-09-24T20:15:47.152872317Z	64451	0																			
1290	2026-09-24T20:15:47.202390104Z	64501	0																			
1291	2026-09-24T20:15:47.25294194Z	64551	0																			
1292	2026-09-24T20:15:47.302453487Z	64601	0																			
1293	2026-09-24T20:15:47.352985452Z	64651	0																			
1294	2026-09-24T20:15:47.402449657Z	64701	0																			
1295	2026-09-24T20:15:47.452928681Z	64751	0																			
1296	2026-09-24T20:15:47.502444758Z	64801	0																			
1297	2026-09-24T20:15:47.552913149Z	64851	0																			
1298	2026-09-24T20:15:47.602425181Z	64901	0																			
1299	2026-09-24T20:15:47.652917411Z	64951	0																			
1300	2026-09-24T20:15:47.702422822Z	65001	0																			
1301	2026-09-24T20:15:47.752916873Z	65051	0																			
1302	2026-09-24T20:15:47.802374977Z	65101	0																			
1303	2026-09-24T20:15:47.85279833Z	65151	0																			
1304	2026-09-24T20:15:47.902285789Z	65201	0																			
1305	2026-09-24T20:15:47.952777859Z	65251	0																			
1306	2026-09-24T20:15:48.00215507Z	65300	0																			
1307	2026-09-24T20:15:48.052660279Z	65351	0																			
1308	2026-09-24T20:15:48.103118742Z	65401	0																			
1309	2026-09-24T20:15:48.152608223Z	65451	0																			
1310	2026-09-24T20:15:48.203054849Z	65501	0																			
1311	2026-09-24T20:15:48.252568738Z	65551	0																			
1312	2026-09-24T20:15:48.303129304Z	65601	0																			
1313	2026-09-24T20:15:48.352646257Z	65651	0																			
1314	2026-09-24T20:15:48.403119753Z	65701	0																			
1315	2026-09-24T20:15:48.45266316Z	65751	0																			
1316	2026-09-24T20:15:48.503119862Z	65801	0																			
1317	2026-09-24T20:15:48.552633192Z	65851	0																			
1318	2026-09-24T20:15:48.603141253Z	65901	0																			
1319	2026-09-24T20:15:48.652562541Z	65951	0																			
1320	2026-09-24T20:15:48.703061693Z	66001	0																			
1321	2026-09-24T20:15:48.752551228Z	66051	0																			
1322	2026-09-24T20:15:48.803055893Z	66101	0																			
1323	2026-09-24T20:15:48.852487467Z	66151	0																			
1324	2026-09-24T20:15:48.902989014Z	66201	0																			
1325	2026-09-24T20:15:48.952512416Z	66251	0																			
1326	2026-09-24T20:15:49.00298756Z	66301	0																			
1327	2026-09-24T20:15:49.052503073Z	66351	0																			
1328	2026-09-24T20:15:49.102912035Z	66401	0																			
1329	2026-09-24T20:15:49.152412528Z	66451	0																			
1330	2026-09-24T20:15:49.2029167Z	66501	0																			
1331	2026-09-24T20:15:49.252421166Z	66551	0																			
1332	2026-09-24T20:15:49.302907127Z	66601	0																			
1333	2026-09-24T20:15:49.352490471Z	66651	0																			
1334	2026-09-24T20:15:49.403087378Z	66701	0																			
1335	2026-09-24T20:15:49.452647134Z	66751	0																			
1336	2026-09-24T20:15:49.502159395Z	66800	0																			
1337	2026-09-24T20:15:49.552698861Z	66851	0																			
1338	2026-09-24T20:15:49.603126027Z	66901	0																			
1339	2026-09-24T20:15:49.652560486Z	66951	0																			
1340	2026-09-24T20:15:49.703045377Z	67001	0																			
1341	2026-09-24T20:15:49.75254555Z	67051	0																			
1342	2026-09-24T20:15:49.802987398Z	67101	0																			
1343	2026-09-24T20:15:49.852415697Z	67151	0																			
1344	2026-09-24T20:15:49.902821304Z	67201	0																			
1345	2026-09-24T20:15:49.952322028Z	67251	0																			
1346	2026-09-24T20:15:50.002814533Z	67301	0																			
1347	2026-09-24T20:15:50.052265204Z	67351	0																			
1348	2026-09-24T20:15:50.102748699Z	67401	0																			
1349	2026-09-24T20:15:50.152157101Z	67450	0																			
1350	2026-09-24T20:15:50.202610386Z	67501	0																			
1351	2026-09-24T20:15:50.25316334Z	67551	0																			
1352	2026-09-24T20:15:50.302694082Z	67601	0																			
1353	2026-09-24T20:15:50.35218012Z	67650	0																			
1354	2026-09-24T20:15:50.402673964Z	67701	0																			
1355	2026-09-24T20:15:50.452152581Z	67750	0																			
1356	2026-09-24T20:15:50.502626128Z	67801	0																			
1357	2026-09-24T20:15:50.553094893Z	67851	0																			
1358	2026-09-24T20:15:50.602597548Z	67901	0																			
1359	2026-09-24T20:15:50.653115982Z	67951	0																			
1360	2026-09-24T20:15:50.702596829Z	68001	0																			
1361	2026-09-24T20:15:50.753097363Z	68051	0																			
1362	2026-09-24T20:15:50.802595613Z	68101	0																			
1363	2026-09-24T20:15:50.853086667Z	68151	0																			
1364	2026-09-24T20:15:50.902590885Z	68201	0																			
1365	2026-09-24T20:15:50.953026759Z	68251	0																			
1366	2026-09-24T20:15:51.002528712Z	68301	0																			
1367	2026-09-24T20:15:51.052950922Z	68351	0																			
1368	2026-09-24T20:15:51.102501238Z	68401	0																			
1369	2026-09-24T20:15:51.152995016Z	68451	0																			
1370	2026-09-24T20:15:51.202772497Z	68501	0																			
